63
54
74
92
40
10
20
67
44
18
4
8
89
84
3
14
43
54
28
3
85
0
6
30
6
65
33
12
74
89
77
57
96
33
52
7
56
68
85
28
15
96
24
23
17
16
24
89
3
90
3
28
53
47
7
3
3
57
35
73
85
6
79
65
35
41
94
76
3
64
80
17
26
72
58
1
32
53
37
55
85
84
56
21
61
12
6
57
94
93
5
63
25
0
74
89
45
97
73
12
54
58
85
75
86
19
60
68
76
86
91
36
72
79
82
4
12
52
12
74
89
19
7
63
8
8
54
15
22
17
56
24
41
14
62
63
65
84
1
18
23
35
97
40
12
7
12
25
44
58
78
85
22
6
68
20
6
98
95
88
32
87
71
48
68
6
65
81
52
2
52
59
70
72
84
66
22
72
81
26
58
74
32
70
56
88
64
7
82
71
45
32
88
59
60
20
90
11
74
73
76
38
16
76
73
67
74
29
18
18
67
32
23
15
92
7
18
3
10
15
76
81
8
84
52
4
70
35
10
47
45
8
49
61
37
3
24
47
58
22
68
4
59
1
32
57
66
65
32
9
5
86
65
60
19
58
67
7
59
11
31
16
81
77
50
7
49
18
75
4
65
5
84
87
52
81
87
40
48
25
46
25
13
87
73
21
73
50
44
0
22
29
82
13
21
78
86
2
88
68
86
23
82
68
39
2
29
20
14
13
15
19
25
17
41
82
64
20
8
99
88
81
52
60
41
84
33
33
21
14
2
15
8
9
98
69
80
72
58
28
23
44
61
51
54
40
69
61
18
73
45
64
11
81
81
1
10
53
14
7
62
11
7
8
32
40
86
29
32
73
74
29
15
15
44
86
33
28
10
76
65
89
16
33
36
19
24
0
2
84
2
34
20
28
19
66
76
13
51
95
63
64
48
49
84
93
60
89
3
76
36
54
62
66
55
57
71
51
86
82
12
65
89
50
56
21
76
66
83
42
30
40
6
47
88
44
9
58
81
17
89
22
22
74
39
93
17
47
1
65
2
9
69
96
1
12
42
85
42
76
29
74
3
21
77
23
35
74
54
24
0
20
33
56
75
67
10
27
41
32
88
0
63
26
39
17
82
74
49
94
33
72
15
98
22
15
45
80
0
38
1
24
5
74
65
76
17
38
84
28
75
82
7
84
86
82
58
1
15
80
94
16
88
12
6
90
91
65
74
52
98
23
36
19
15
36
44
73
63
73
5
97
75
9
32
41
6
46
78
83
24
15
1
4
72
81
72
20
55
76
60
10
62
75
78
89
3
61
2
40
18
51
83
11
95
88
17
19
81
98
95
54
75
69
47
25
20
49
5
84
6
72
19
94
1
28
91
63
84
51
4
56
83
73
10
95
90
3
65
32
73
19
20
52
69
66
72
74
61
19
46
17
94
13
80
48
13
20
85
86
49
19
3
27
13
65
3
3
72
85
48
14
10
15
1
47
67
57
86
51
92
65
26
21
11
3
36
26
90
52
99
86
33
85
42
19
63
82
35
19
41
86
83
99
0
3
92
26
92
72
58
0
83
16
45
97
39
36
89
85
61
97
8
67
45
21
79
45
18
77
9
28
84
89
88
1
5
3
45
63
73
79
86
53
71
5
56
21
89
81
34
60
65
11
7
71
0
42
98
8
32
40
63
94
7
64
72
10
89
1
5
83
61
83
3
57
18
57
20
26
20
15
26
27
53
45
23
8
9
97
35
92
33
53
87
88
48
1
85
84
56
22
7
82
59
86
1
54
41
79
87
25
53
97
7
77
43
3
51
42
65
19
2
76
50
60
76
1
73
99
4
15
25
38
85
27
95
44
75
10
63
13
52
83
4
43
23
22
28
13
84
7
89
85
76
70
94
38
92
19
30
66
83
6
3
20
88
58
28
11
2
84
57
56
48
22
20
40
30
53
51
6
75
56
56
57
92
14
32
50
39
93
68
54
21
18
62
4
22
84
45
61
33
85
56
40
46
74
10
36
25
71
70
25
98
16
45
2
24
70
69
7
45
96
9
49
71
76
3
51
52
50
20
12
72
20
37
99
70
96
71
14
67
99
17
4
18
11
67
7
94
39
21
87
27
64
33
67
3
16
3
78
2
90
42
45
98
0
2
30
94
82
11
9
62
34
91
0
9
51
62
91
64
8
44
26
4
99
17
95
42
61
29
33
2
42
37
4
21
18
42
91
89
31
85
8
39
87
19
87
24
20
25
39
41
6
48
67
4
69
66
45
70
53
14
88
49
68
6
42
26
81
30
28
58
72
52
58
20
74
20
18
79
54
28
94
30
32
6
29
64
6
59
45
48
84
5
87
22
56
4
4
12
18
19
20
45
10
12
35
47
66
93
18
91
5
19
82
67
57
6
37
62
26
51
53
42
41
80
69
49
22
73
73
73
72
51
38
0
76
73
85
33
37
20
22
9
58
54
43
19
10
19
52
29
17
25
63
89
76
41
92
45
17
14
97
89
64
54
51
85
75
64
63
57
76
73
84
11
27
98
39
73
87
19
25
91
72
19
99
76
51
76
52
0
69
97
40
99
29
30
96
92
84
71
87
66
16
0
52
24
55
8
67
89
27
41
21
20
88
93
50
44
85
92
4
58
91
18
95
47
3
84
62
84
73
7
56
88
90
38
99
21
48
12
79
13
31
90
4
44
8
8
44
96
23
12
5
10
99
6
11
79
99
58
67
24
33
94
34
30
76
95
65
47
92
47
24
42
0
54
95
22
12
33
55
74
76
4
91
4
40
52
7
70
30
46
99
3
87
76
94
30
20
91
14
7
29
27
5
94
68
42
33
46
27
98
95
22
40
22
53
78
93
4
55
70
45
3
40
68
15
61
85
82
34
16
29
84
25
99
65
98
48
16
5
67
23
84
25
3
29
48
97
43
3
48
0
87
71
43
8
48
80
71
9
2
35
22
47
70
29
25
34
38
49
20
5
2
89
43
13
14
2
72
19
66
18
29
55
5
16
52
70
22
10
19
33
99
15
63
7
50
11
4
50
20
32
62
21
49
78
47
89
82
7
67
8
73
72
0
96
73
98
57
87
94
32
95
0
26
72
63
53
37
24
17
58
72
15
22
11
99
45
0
12
40
88
5
42
20
44
81
20
11
43
9
85
48
55
38
28
65
66
7
45
49
93
57
71
56
35
26
89
11
84
57
49
12
15
12
35
17
37
41
3
13
25
10
38
94
57
28
11
11
39
7
47
25
73
4
72
86
41
6
84
12
20
44
17
38
71
84
39
32
24
68
15
58
20
19
22
18
71
84
25
63
0
93
63
82
98
58
57
98
69
51
70
84
4
50
51
21
10
99
73
17
63
96
86
83
65
71
65
92
7
5
16
10
95
19
74
93
46
93
54
18
20
52
14
9
24
45
20
9
10
55
6
86
72
23
18
95
60
13
56
57
49
35
19
38
39
23
40
51
22
70
68
16
61
88
45
6
36
57
61
86
83
9
25
26
86
93
84
84
62
82
41
35
28
26
87
87
10
52
74
6
2
70
72
98
42
50
58
97
10
22
70
88
1
15
45
64
49
98
54
9
87
96
22
16
55
41
8
70
60
81
51
18
95
18
8
15
0
40
1
28
7
56
66
13
72
28
77
7
67
15
40
39
40
10
16
13
69
19
11
7
48
45
10
41
38
74
35
74
54
9
3
48
61
80
96
18
44
23
15
15
73
37
37
40
67
95
2
17
92
49
91
33
48
58
20
12
45
25
40
3
9
74
94
10
84
34
68
9
28
86
5
92
98
2
5
80
99
36
69
13
98
81
41
75
53
60
15
91
3
63
59
82
2
35
30
39
61
31
32
7
13
65
51
61
80
25
54
86
58
54
58
50
11
7
78
36
14
7
65
66
19
97
93
48
67
10
28
41
39
36
91
71
14
98
38
45
32
42
76
7
59
42
31
67
6
88
95
26
79
37
7
61
97
43
72
47
80
68
48
68
48
97
39
0
73
66
63
65
13
18
29
9
7
18
98
47
61
82
50
19
76
54
55
42
86
16
69
66
94
0
48
44
95
3
51
53
30
89
0
48
69
53
4
69
22
3
43
56
2
55
51
98
40
29
70
62
31
67
4
51
39
15
37
0
19
47
14
71
65
13
58
44
55
28
40
15
96
92
9
10
13
47
43
30
45
70
69
95
58
75
52
9
71
82
14
68
51
27
16
0
90
7
34
40
41
26
32
20
27
45
21
28
72
30
84
48
16
74
16
66
29
80
40
23
7
69
48
31
50
37
55
16
71
51
78
