22
87
82
10000
10000
45
3
3
10000
10000
99
10000
65
18
6
0
70
10000
10000
6
2
10000
45
53
55
51
25
28
24
2
10000
10000
10000
95
10000
10000
85
67
94
45
10000
10000
10000
9
10000
10000
10000
66
21
10000
75
45
10000
88
10000
11
3
29
91
39
33
68
10000
10000
28
29
77
10000
11
52
10000
55
10000
10000
41
27
32
84
90
10
63
33
85
10000
10000
10000
10000
10000
10000
37
10000
14
10000
10000
39
2
94
76
24
10000
31
4
63
54
33
58
49
4
42
34
81
57
16
10000
80
11
89
10000
10000
1
66
28
99
22
10000
10000
84
10000
28
9
69
10000
10000
9
22
14
51
10000
73
10000
10000
10000
10000
89
10000
10000
19
10000
10000
2
10000
33
10000
27
9
47
10000
78
60
29
32
65
23
8
67
10000
22
50
10000
26
40
10000
10000
10000
12
38
10000
10000
50
85
4
16
32
10000
4
62
52
12
13
10000
94
32
10000
10000
49
48
10000
10000
24
24
13
90
73
15
1
40
24
10000
8
7
10000
10000
10000
27
10000
15
10000
75
58
10000
10000
10000
27
10000
40
98
10
10000
71
35
25
9
42
10000
10000
6
10000
88
87
7
67
26
10000
73
32
10000
10000
22
95
1
19
79
51
49
10000
87
10000
22
10000
10000
10000
46
80
10000
3
30
71
10000
54
75
51
98
35
36
5
10000
36
2
70
3
10000
90
46
65
16
10000
24
83
89
27
28
15
17
9
74
60
79
9
10000
67
79
6
80
67
91
96
15
10000
10000
10000
10000
45
10000
7
10000
50
52
0
10000
40
35
50
40
49
10000
12
25
25
0
20
11
27
27
10000
78
23
10000
10000
66
10000
89
88
10
68
31
12
10000
10000
0
39
30
52
10000
50
10000
10000
45
10000
10000
10000
10000
58
85
19
95
43
21
17
32
24
39
15
10000
10000
88
79
44
56
58
10000
68
2
46
44
57
86
74
7
11
10000
18
10000
46
10000
10000
38
13
20
5
76
22
10000
90
99
41
10000
49
1
26
4
57
87
10000
38
10
10000
10000
1
34
33
10000
10000
51
5
86
0
10000
38
12
4
37
81
10000
10000
62
83
36
4
10000
10000
66
10000
59
16
10000
37
26
88
6
51
10000
36
86
61
73
14
59
34
10000
10000
10000
39
18
10000
10000
9
10000
39
31
10000
15
7
44
69
54
10000
10000
10000
10000
85
29
11
14
85
71
10000
13
24
42
10000
44
36
11
10000
10000
10000
94
10000
39
17
10000
10000
10000
39
51
10000
10000
92
10000
45
54
34
12
10000
21
80
87
27
48
35
10000
10000
62
2
3
64
10000
10000
10000
14
53
10000
57
10000
10000
57
89
16
22
82
98
10000
54
18
32
10000
1
10000
10000
10000
10000
9
3
0
10000
50
16
0
10000
13
49
56
10000
54
10000
66
0
41
97
1
56
10000
10000
10000
10000
29
59
19
50
10000
10000
10000
54
10000
89
89
28
43
26
35
18
36
27
10000
21
18
3
10000
12
1
75
4
10000
16
28
77
64
1
10000
4
24
97
28
10
10000
38
23
16
4
10000
10000
55
77
47
30
8
46
28
62
21
70
10000
55
10000
98
51
96
11
82
2
70
47
11
74
66
10000
10000
10000
33
68
64
51
47
10000
10000
0
57
10000
10000
81
40
79
35
34
90
75
22
10000
10000
7
1
13
21
78
10000
10000
10000
1
84
3
4
73
50
11
10000
10000
92
57
2
50
21
60
19
1
55
10000
10000
25
26
10000
19
17
10000
65
29
27
10000
0
71
22
24
10000
21
2
10000
98
86
46
66
30
10000
49
51
11
10000
23
27
10000
10000
10000
32
56
14
77
6
52
63
10000
66
10000
10000
10000
86
10000
98
5
48
10000
20
10000
9
10000
12
10000
10000
10000
6
10000
10000
60
10000
64
44
84
30
29
8
7
79
13
69
10000
43
80
10000
21
27
87
31
10000
65
10000
2
10000
10000
10000
10000
97
31
13
10000
97
11
35
72
49
12
73
16
40
17
59
10000
17
33
10000
77
89
54
45
14
9
2
34
0
10000
10000
10000
10000
20
70
83
2
21
10000
10000
77
10000
64
10000
72
10000
32
55
28
0
62
4
10000
58
11
13
10000
69
8
92
92
93
95
84
3
10000
6
69
86
10000
64
10000
32
83
71
10000
69
31
6
56
10000
74
0
10000
25
4
95
34
69
65
10000
24
39
57
10000
23
10000
14
10000
10000
94
10000
7
10000
10000
15
94
10000
15
10000
10000
13
43
5
10000
68
97
15
9
0
10000
78
10
61
5
20
5
10000
45
99
74
58
10000
93
77
71
10000
10000
10000
52
15
10000
5
10000
10000
10000
10000
10000
10000
10000
3
73
96
4
77
17
10000
10000
10000
10000
10000
15
18
5
10000
10000
52
19
10000
13
47
40
10000
60
10000
86
10000
35
96
92
10000
10000
10000
0
31
81
2
10000
94
10000
2
65
10000
65
59
59
10000
0
10000
10000
13
63
10000
10000
38
42
10000
10000
47
29
42
82
10000
30
6
10000
37
10000
41
23
40
4
10000
82
7
10000
10000
18
10000
76
95
72
26
15
52
10000
10000
55
70
43
98
10000
59
85
99
26
3
0
28
10000
42
0
10000
10000
10000
10000
37
97
81
26
3
13
5
10000
75
10000
10000
10000
5
10000
30
83
10000
10000
42
10000
16
24
1
10000
68
90
6
10000
16
79
44
10000
55
7
10000
2
87
10000
28
10000
48
10000
28
10000
88
14
10000
12
10000
10000
3
10000
10000
76
2
52
84
48
13
54
52
22
10000
13
24
56
10000
10000
78
91
10000
65
10000
10000
10000
82
6
40
15
5
5
2
10000
10000
10000
14
78
10000
10000
61
10000
35
23
10000
38
73
20
10000
10000
10000
16
63
2
10000
10000
10000
59
62
37
5
88
33
1
20
41
1
12
60
90
10000
10000
10000
12
1
18
69
29
10000
36
10000
0
8
19
10000
46
10000
10000
96
83
26
10000
8
61
9
20
99
58
40
1
58
10000
10000
87
10000
7
25
76
10000
72
10000
10000
22
10000
64
8
7
10000
10000
31
60
0
43
44
10000
39
10000
25
10000
11
35
23
25
10000
95
10000
10000
19
36
30
10000
13
10000
81
46
30
15
10000
98
76
10000
10000
44
10000
10000
78
10000
59
25
92
10000
10000
80
26
10
30
94
93
62
67
47
86
33
80
10000
47
63
44
10000
10000
10000
10000
90
3
98
5
9
10000
10000
19
15
90
10000
10000
75
70
55
36
23
89
10000
10000
10000
53
48
3
10000
10000
91
10000
53
10000
10000
10000
42
0
10000
26
66
10000
20
9
10000
82
48
38
48
8
10
10000
10000
3
10000
7
19
17
73
78
10000
14
95
10000
10000
6
10000
48
95
10000
29
10000
60
10000
10000
33
19
63
10000
16
63
74
61
39
10000
1
10000
10000
32
10000
73
10000
82
14
84
10000
8
10000
41
39
10000
7
10000
10000
94
0
59
93
29
10000
7
59
88
50
0
10000
36
18
83
10000
10000
10000
56
10000
38
43
10000
71
37
29
23
85
10000
3
66
10000
10000
10000
42
10000
10000
10000
10000
17
10000
62
47
20
10000
58
92
77
10000
10000
10000
10000
71
10000
10000
10000
30
99
14
21
85
1
72
28
0
10000
10000
91
2
10000
70
10000
10000
2
25
4
10000
0
10000
8
53
30
10000
10000
74
10000
22
4
10000
41
37
10000
10000
68
2
34
11
10
1
10000
97
10000
21
10000
74
61
34
34
68
53
18
64
0
10000
10000
10000
10000
17
10000
37
10000
37
10000
10000
10000
1
20
18
7
55
6
10000
45
10
30
21
10000
10000
58
60
49
10000
41
10
12
10000
17
17
92
10000
10000
10000
0
10000
67
10000
10000
62
72
84
57
64
1
34
10000
3
93
10000
79
37
12
10000
10000
10000
10000
10000
99
10000
65
36
10000
5
10000
26
96
10000
3
10000
10000
41
87
10000
10000
10000
10000
29
10000
46
25
52
42
53
10000
18
36
61
75
47
10
10000
19
10
49
44
10000
10000
10000
97
10000
47
74
25
19
83
10000
69
38
56
10000
45
10000
46
62
48
93
8
93
43
10000
9
10000
10000
10000
12
10000
25
91
70
17
23
10000
53
31
18
7
8
1
35
61
10000
88
10000
10000
10000
16
10000
10000
6
10000
76
96
96
10000
42
63
44
8
41
0
10000
17
10000
1
6
19
24
10000
10000
10000
10000
67
10000
10000
33
10000
10000
10000
11
10000
5
10000
10000
10000
46
78
80
10000
54
10000
49
10000
81
67
14
10000
50
58
10000
15
91
4
10000
61
3
10000
22
1
4
35
12
10000
34
41
31
4
83
10000
10000
10000
57
9
10000
51
38
48
10000
10000
70
68
10000
10000
10000
71
57
81
23
97
43
10000
55
32
10000
10
72
10000
10000
10000
10000
18
93
10000
10000
63
10000
6
10000
76
71
23
10000
10000
10000
10000
10000
10000
10000
91
27
16
38
14
10000
20
6
10000
26
10000
74
53
10000
10000
56
40
7
7
31
10000
4
21
10000
10000
14
76
10000
8
20
60
75
5
84
10000
2
10000
8
3
56
11
10000
10000
6
10000
69
96
10000
5
80
93
10000
10
10000
10000
10000
99
68
91
20
10000
10000
75
47
9
53
1
46
31
10000
10
45
43
10000
61
64
1
10000
92
8
10000
72
42
10000
10000
10000
41
54
81
10000
53
10000
20
67
5
10000
10000
27
10000
10000
10000
44
10000
4
32
48
10000
72
10000
10000
10000
72
33
8
43
82
10000
3
17
79
43
10000
56
86
10000
10000
37
10000
10
10000
23
31
10000
