44
30
48
27
8
17
24
46
3
24
19
15
38
46
21
19
4
30
20
15
43
12
8
11
46
46
19
15
48
43
41
11
34
1
46
19
36
47
3
8
14
34
19
22
13
12
21
38
15
37
15
17
29
0
19
13
15
28
9
48
42
45
33
45
24
28
32
41
12
45
4
19
7
3
36
14
10
29
5
35
3
39
47
21
27
24
46
36
33
43
21
45
14
16
48
43
4
33
48
21
44
36
14
40
39
17
31
36
11
42
25
11
45
33
41
13
3
46
6
48
38
23
15
44
16
16
29
20
20
18
36
24
2
47
9
44
46
15
14
15
15
23
32
1
21
16
19
37
2
43
39
42
22
16
47
18
21
44
32
28
10
38
14
5
47
21
45
41
46
14
26
31
47
49
39
7
6
45
41
8
36
48
10
30
43
38
45
4
26
49
3
10
9
31
31
24
37
8
48
48
41
18
14
11
48
26
48
9
5
24
43
10
22
14
27
15
24
15
17
20
29
41
16
28
26
13
9
24
12
47
18
16
4
25
2
18
24
5
30
24
47
13
31
14
10
36
7
45
10
6
13
42
45
31
23
27
7
46
31
23
7
22
41
41
26
15
5
23
40
19
12
13
39
38
26
41
38
43
5
6
0
0
19
18
48
21
48
21
4
16
18
7
42
18
21
33
39
19
2
47
39
22
41
47
0
16
11
24
19
20
18
17
2
22
9
42
44
24
16
26
38
41
46
31
9
39
8
10
22
20
15
20
14
15
39
46
3
45
36
24
3
4
3
26
29
1
6
25
23
48
4
44
17
41
41
14
17
29
19
16
34
15
8
15
10
12
38
9
10
48
48
9
20
13
4
39
1
1
15
18
45
43
22
8
11
18
16
19
16
28
17
23
24
23
23
46
15
20
26
33
44
45
5
4
15
34
31
15
16
47
11
29
34
46
35
36
49
26
42
42
15
45
46
15
47
21
11
46
39
30
11
25
8
43
38
21
46
36
41
20
38
22
22
48
14
43
16
0
14
45
16
46
6
34
14
23
18
39
1
42
28
49
8
1
41
22
24
48
29
23
12
24
8
36
40
46
17
6
28
47
28
16
44
47
0
20
8
48
4
32
1
3
20
27
1
20
18
4
48
2
14
22
13
48
45
46
20
2
39
8
40
42
15
42
42
39
27
14
21
3
33
12
38
43
8
37
25
49
48
46
45
22
11
23
24
11
3
48
44
48
13
32
40
8
10
9
8
0
42
39
19
20
14
13
3
41
45
18
35
11
31
43
34
40
42
25
24
36
24
27
16
14
39
8
32
28
13
15
41
9
32
29
40
29
3
0
24
4
13
39
15
3
14
33
14
11
25
45
39
27
19
43
39
48
12
33
37
15
45
10
48
23
24
26
6
7
44
48
36
23
0
1
32
19
4
5
20
18
2
47
0
23
13
6
13
45
14
14
49
42
5
21
20
21
14
3
43
30
42
30
27
45
21
21
8
13
11
15
37
25
26
42
43
42
1
23
44
39
7
23
9
39
42
28
14
24
27
7
29
49
36
15
39
12
4
32
0
11
43
42
27
32
15
46
1
17
33
4
16
41
23
42
14
38
28
14
13
15
1
44
48
33
42
29
49
13
47
21
15
41
43
31
45
17
49
24
14
28
41
15
10
2
44
32
15
45
11
17
38
14
13
39
27
39
13
36
24
30
18
7
18
20
7
6
29
3
16
15
15
32
17
27
43
29
38
28
5
13
42
39
26
18
46
41
31
42
14
30
30
33
43
0
29
32
1
41
3
8
30
18
45
23
16
39
10
31
15
14
48
26
19
18
2
2
42
6
33
3
40
17
36
19
43
42
13
0
18
18
23
18
1
15
38
42
41
9
32
6
27
12
11
7
10
13
23
18
38
36
6
15
14
39
11
36
5
18
18
2
10
29
26
8
40
36
8
30
27
19
10
46
5
34
36
30
21
24
34
19
18
15
18
36
10
42
36
2
0
48
48
11
6
47
30
7
27
12
19
16
24
0
29
15
4
34
11
0
49
41
15
26
46
21
24
23
3
18
2
28
9
34
26
19
8
28
1
15
16
17
6
7
32
9
21
28
6
44
18
6
31
12
8
43
24
37
1
4
38
16
14
6
32
8
17
8
6
43
25
12
11
26
34
25
45
15
2
11
19
26
16
33
9
27
9
10
14
9
3
19
21
18
29
25
43
9
3
16
0
43
23
43
18
18
3
43
9
8
5
46
19
28
7
3
30
29
15
28
4
47
8
8
7
41
11
22
36
44
26
30
24
49
22
24
33
8
18
32
10
1
8
11
44
8
31
1
5
15
13
28
18
47
4
19
9
24
23
22
3
18
15
21
9
7
6
24
25
13
16
11
43
11
16
5
34
16
26
29
23
11
3
46
4
6
48
48
48
49
26
9
21
16
48
42
1
5
24
22
5
43
29
4
23
12
23
26
9
20
2
11
7
15
30
29
3
19
19
33
43
44
29
30
39
40
45
44
11
41
48
39
17
6
11
9
47
43
23
3
25
49
22
26
15
46
41
43
12
6
33
2
39
29
9
34
27
39
6
38
46
20
1
46
24
35
48
25
43
6
9
21
23
38
6
30
4
42
27
19
36
25
11
33
3
15
28
34
39
48
15
36
28
37
46
28
24
5
23
33
19
9
37
13
4
16
16
4
34
19
19
13
17
26
16
17
33
28
30
6
19
14
32
43
11
41
32
45
3
27
11
24
2
16
30
32
21
4
43
35
14
39
19
25
13
39
44
15
43
10
0
39
14
38
15
33
11
13
25
19
15
46
6
13
32
47
16
8
0
6
39
33
18
1
18
29
39
41
13
35
30
20
20
2
47
22
27
42
41
23
20
5
43
8
28
45
30
5
12
13
26
22
39
2
15
11
5
33
0
23
5
15
38
44
3
16
5
4
49
46
14
7
22
0
41
9
2
43
20
4
24
16
14
38
4
13
18
16
49
16
46
24
5
35
13
22
26
47
15
8
23
14
28
16
6
1
43
17
15
49
18
10
11
16
4
33
3
43
39
16
39
15
47
42
16
34
48
35
11
38
33
10
32
15
7
48
6
29
2
5
20
36
48
24
22
23
39
4
11
22
2
11
13
5
22
4
41
18
23
4
23
3
5
35
11
20
45
46
15
1
5
6
11
14
47
19
8
38
17
46
30
4
15
20
3
7
20
2
0
21
24
7
17
9
32
36
9
24
17
0
15
3
5
11
8
44
42
11
46
39
18
22
3
20
0
49
39
0
7
22
43
1
36
20
18
22
21
49
39
0
43
16
34
45
47
41
36
6
11
46
26
9
42
16
26
46
21
21
39
39
22
45
34
38
39
23
49
45
27
20
6
12
17
32
23
48
6
0
43
30
23
23
26
19
8
22
1
18
17
8
35
11
42
49
22
15
32
31
13
47
35
5
23
23
2
0
22
15
26
18
30
47
12
25
38
1
29
11
11
25
38
42
6
2
7
38
43
15
28
34
40
9
17
8
7
43
38
12
26
3
15
14
30
48
30
1
11
30
32
17
1
47
28
14
20
1
44
4
49
30
6
38
34
23
20
35
30
15
9
31
1
8
16
33
20
15
20
14
4
14
30
15
36
7
13
49
8
41
15
1
1
2
0
15
15
12
19
46
23
1
39
5
2
12
9
2
48
17
49
30
8
22
5
27
3
34
23
4
22
24
20
47
2
5
26
16
33
14
16
27
5
25
1
5
36
17
20
4
2
2
14
15
48
32
9
39
23
47
6
9
39
13
27
11
23
13
8
28
11
46
20
39
41
11
40
29
31
20
25
47
44
31
39
14
17
19
0
36
9
34
15
20
45
46
36
3
11
29
38
36
30
47
46
17
15
43
11
16
23
45
7
23
33
43
5
30
12
23
9
0
11
25
48
19
11
3
1
10
2
47
1
31
1
9
45
6
2
32
7
39
2
46
27
33
5
44
3
4
9
5
9
5
32
0
14
47
7
44
45
19
17
29
16
28
21
44
3
25
8
21
22
11
29
35
30
42
12
46
7
32
21
5
4
32
19
26
29
6
43
15
5
6
29
14
6
47
22
39
47
14
35
30
41
2
11
9
34
9
45
1
26
0
20
5
15
23
21
19
49
46
18
30
5
35
17
27
1
34
27
46
16
24
5
0
11
3
9
26
32
36
40
25
11
49
15
19
47
8
6
12
14
37
15
23
10
11
41
10
24
6
1
21
23
49
11
42
5
12
49
1
46
9
4
14
22
16
11
5
9
11
5
35
12
14
30
42
