92
57
22
66
80
61
95
12
55
29
81
50
1
51
97
83
17
71
14
76
78
78
2
6
88
27
8
12
16
88
3
64
64
17
49
28
98
12
25
73
12
23
26
98
12
37
70
30
89
26
86
28
54
76
3
25
73
68
31
82
22
37
62
70
25
75
54
37
80
27
74
44
37
2
38
32
26
55
37
4
57
47
10
84
0
26
73
10
42
15
93
18
49
92
56
1
87
12
4
97
95
22
70
5
86
2
95
84
5
12
1
38
90
41
78
6
10
63
47
42
22
94
25
48
10
72
74
71
2
71
81
40
56
84
2
99
90
90
90
23
86
23
86
11
26
26
19
86
95
85
81
81
35
12
58
44
23
40
71
13
46
98
98
58
40
5
61
38
91
93
56
6
48
12
81
38
51
83
86
77
99
41
61
30
70
77
22
5
27
57
99
70
40
57
72
12
57
82
87
69
19
48
27
91
55
12
78
15
2
2
72
1
58
62
53
74
97
96
38
29
0
0
99
35
48
21
22
23
56
49
6
57
77
12
51
85
36
93
93
52
74
63
64
19
96
89
32
32
32
12
41
95
6
81
74
73
22
28
23
39
37
85
12
72
44
8
11
11
13
27
2
3
12
62
87
18
34
55
44
39
5
90
40
37
32
14
97
11
31
73
39
95
26
74
80
63
34
80
2
44
73
73
3
44
2
27
91
25
26
70
99
64
67
42
12
30
46
16
12
93
74
39
27
46
19
5
4
11
12
29
12
91
57
57
61
26
30
62
74
88
26
25
92
53
78
10
12
81
81
69
2
24
62
71
63
39
15
13
27
61
29
26
5
26
72
81
64
23
48
2
10
21
12
74
63
90
46
85
59
44
39
60
74
70
50
25
2
38
26
18
45
53
73
80
11
98
20
14
27
77
2
70
74
87
71
71
51
69
35
6
34
27
84
28
62
88
71
83
21
41
72
43
99
28
30
80
82
5
73
44
99
72
64
72
5
29
5
73
72
2
62
91
40
40
45
27
2
61
73
9
73
7
35
51
97
57
96
70
63
95
95
74
17
12
48
46
98
63
28
72
72
86
13
31
80
14
97
73
74
49
63
69
79
34
1
25
51
24
74
46
74
37
82
65
0
80
56
74
98
84
17
54
14
72
60
28
33
81
41
15
12
7
21
36
87
50
98
2
94
69
13
11
89
44
39
14
85
91
99
32
55
27
27
84
68
26
21
3
88
87
39
97
65
37
76
37
74
40
58
29
3
82
5
99
52
14
74
9
13
26
2
30
64
85
84
95
59
76
23
88
73
41
92
95
88
12
63
73
95
88
63
76
22
99
58
13
27
94
31
18
27
81
47
73
34
93
74
39
4
63
21
25
39
24
88
4
82
78
67
51
95
5
12
51
30
1
53
29
66
46
86
23
26
61
19
99
45
63
74
51
79
48
12
17
2
19
83
15
92
46
75
21
97
18
32
80
9
29
94
74
74
74
41
22
60
77
21
83
30
12
0
22
93
15
26
89
61
66
76
34
74
55
6
11
40
96
13
14
41
11
2
80
96
66
13
60
16
12
40
27
55
13
82
49
9
83
84
20
2
97
87
75
63
42
9
15
75
85
86
83
58
30
2
84
81
59
43
89
96
66
39
70
51
93
55
80
29
46
51
86
72
74
93
2
80
14
90
97
41
6
71
15
84
28
77
76
31
74
23
71
3
11
19
72
63
7
66
86
8
5
91
7
27
89
37
71
59
2
7
27
71
74
6
15
59
46
63
75
93
77
25
28
13
33
27
13
77
11
2
66
47
68
38
96
20
66
38
51
64
51
92
49
51
98
49
75
47
42
46
46
26
78
63
55
7
71
27
15
11
76
92
94
75
14
44
5
78
83
78
5
47
1
1
81
51
64
25
85
2
25
16
99
39
93
78
77
68
81
27
13
73
58
26
3
16
89
91
11
84
73
90
75
51
22
63
76
85
14
46
34
98
12
51
94
1
17
10
89
74
19
26
66
21
72
32
17
24
15
79
79
99
33
22
7
60
46
94
17
29
65
25
18
24
73
61
14
71
26
41
29
12
79
9
2
46
21
74
27
84
27
60
25
22
2
92
16
2
13
27
28
69
88
88
51
73
21
30
46
27
79
39
53
12
9
95
71
18
40
83
82
59
15
14
76
48
21
69
15
92
13
0
15
76
2
95
70
11
59
41
26
93
48
1
47
5
45
12
12
10
12
85
66
97
42
93
64
47
73
12
91
1
35
0
60
98
12
44
90
69
13
35
74
12
40
88
29
47
82
15
17
41
17
90
15
11
27
91
79
30
9
27
33
76
96
43
32
47
85
5
75
73
85
98
12
94
26
17
39
44
44
96
9
5
13
85
14
66
26
92
12
78
76
82
69
98
86
52
59
46
18
94
74
29
26
42
34
68
16
80
64
37
69
42
28
35
51
2
26
72
23
40
65
98
88
65
7
87
71
7
36
96
23
36
14
76
71
89
34
10
52
43
71
27
39
91
86
9
58
15
15
68
74
46
93
74
52
15
86
87
47
90
36
26
18
59
27
77
29
42
27
17
51
66
15
5
0
16
87
73
64
10
21
1
74
21
83
69
73
95
59
53
26
46
98
67
72
40
74
13
10
96
14
14
0
68
52
75
97
16
23
98
75
79
12
12
52
32
94
51
2
28
45
16
4
62
96
2
87
46
39
23
23
81
20
21
78
2
87
31
48
96
60
46
15
15
87
82
17
83
81
14
77
80
1
0
74
89
60
95
89
6
79
22
97
12
94
2
20
81
73
67
9
28
51
10
78
5
23
26
99
59
54
32
13
2
73
80
73
62
74
57
63
1
67
23
92
75
6
48
13
73
49
50
27
71
78
24
73
73
45
70
74
61
72
87
39
9
75
14
23
48
91
11
83
18
95
87
53
71
28
70
80
3
88
9
40
39
70
54
65
15
96
60
49
75
12
72
85
59
2
77
13
83
22
27
99
86
76
42
19
60
86
92
73
22
37
49
76
75
15
81
66
8
14
70
16
32
0
23
74
91
83
59
66
97
23
48
5
71
32
1
90
25
72
76
28
73
63
3
37
94
47
83
51
20
35
71
27
2
66
87
8
27
11
84
3
21
13
28
75
48
7
69
58
2
64
2
76
73
72
13
78
39
0
26
4
83
88
62
64
54
90
58
49
11
63
23
73
72
98
5
65
13
20
60
63
13
39
48
23
5
2
47
51
7
71
95
73
62
35
51
64
29
61
9
97
21
91
37
9
36
25
26
99
91
33
76
6
54
89
67
31
62
84
47
35
83
28
13
97
90
20
99
95
6
12
14
82
44
74
14
79
15
17
61
28
76
91
73
29
28
34
53
16
39
89
89
7
51
43
73
27
42
2
26
53
27
75
26
94
2
83
12
99
51
9
15
16
39
89
96
78
37
57
77
46
82
53
0
55
14
15
15
53
47
75
9
24
5
60
26
30
1
17
2
92
2
46
2
48
14
73
42
12
73
5
69
48
16
70
48
27
15
27
27
2
69
2
71
66
2
27
94
3
43
46
78
64
65
48
63
74
8
53
92
1
31
2
12
44
79
71
27
83
51
97
29
1
66
1
41
7
26
97
14
53
14
40
69
89
96
49
66
43
27
37
94
99
95
65
57
48
79
68
89
40
25
2
75
2
92
82
98
2
39
2
78
68
94
97
16
6
84
51
13
72
64
62
40
12
84
81
42
47
66
77
18
32
17
70
15
69
37
84
76
98
2
22
58
15
32
49
65
34
92
77
55
48
84
55
14
96
7
14
62
89
11
30
91
20
68
36
77
38
44
12
21
32
94
39
38
55
31
19
92
8
32
38
93
68
13
4
63
25
78
53
35
71
60
6
70
92
44
29
50
9
50
83
70
5
69
54
87
49
90
38
93
60
30
71
45
48
91
80
14
80
60
11
56
24
65
61
85
27
19
68
25
55
36
74
60
91
85
14
17
62
96
77
13
85
16
53
64
2
61
73
25
18
17
75
4
88
33
15
15
13
64
94
23
71
84
84
12
6
13
24
27
15
2
86
74
38
12
67
25
55
20
46
21
44
53
13
44
39
74
51
90
79
18
13
89
60
89
28
76
29
7
84
98
73
30
30
46
90
32
27
47
82
92
82
10
14
21
93
76
27
65
73
4
26
74
80
8
56
12
92
59
77
2
92
52
88
17
37
35
44
93
73
2
87
86
17
74
83
12
8
48
