1867 7664
639 821 1536 1621 1712 1829 1850 
81 190 211 334 1514 
226 227 559 654 1223 1534 1761 
494 498 543 619 668 684 720 757 790 796 882 900 931 982 1047 1072 1082 1085 1133 1300 1332 1344 1370 1412 1542 1559 1560 1569 1572 1589 1599 1603 1610 1645 1663 1741 1837 
69 
159 905 
292 
196 633 
531 1093 1122 1583 1692 
659 
131 834 1229 1642 
516 
616 875 973 1533 1588 1671 1704 
1424 1431 
455 
1313 1342 
29 34 269 463 473 501 521 586 634 677 685 687 692 783 818 841 850 855 876 953 960 1000 1009 1010 1012 1044 1068 1131 1134 1137 1159 1183 1204 1208 1312 1391 1413 1459 1508 1640 1649 1701 1754 1755 1769 1775 1776 1785 1853 
907 1470 
476 
54 669 746 954 963 1023 1095 1318 1388 1447 1815 
608 812 845 1051 1196 1392 
827 1236 1512 1567 1627 
1310 
253 1632 
1772 
727 1021 1245 1562 
129 1372 1696 
329 977 
17 226 318 501 526 559 706 824 841 855 876 888 898 926 953 958 1000 1010 1037 1109 1131 1137 1162 1169 1378 1467 1474 1484 1521 1549 1631 1660 1754 1755 1759 1761 1769 1774 
539 
1225 1376 
243 321 1721 
1777 
17 501 559 634 677 678 685 692 742 783 841 850 876 886 953 960 962 1009 1010 1037 1131 1137 1159 1183 1208 1211 1244 1260 1301 1391 1413 1417 1467 1474 1484 1595 1640 1701 1769 1776 1810 1862 
93 230 466 
1379 1814 
499 1055 1171 1819 
64 331 635 740 799 840 1003 1040 1258 1523 1558 1572 1585 1856 1859 
840 1562 1704 1832 
482 748 851 904 1324 1383 1491 1557 1572 1750 1766 1838 
1306 
1280 
293 1443 
162 163 1154 1410 1623 1656 
305 328 330 518 553 561 591 688 906 910 914 943 1015 1077 1334 1348 1385 1405 1521 1556 1671 1677 1738 1767 
544 1071 1326 1439 1606 1653 1854 
1335 1470 1719 
1729 
1217 1220 1450 1510 1676 
536 
758 
328 623 688 1015 1290 1356 1481 1521 
502 1242 1299 1401 1449 1557 1722 
20 545 568 582 746 820 866 963 1023 1052 1095 1273 1328 1355 1388 1447 1477 1479 1515 1585 1612 1655 1815 1835 
272 551 751 1564 
437 996 1539 
1572 1750 
535 792 847 1067 1111 1614 1628 1681 1700 1746 
474 589 1199 1337 1452 1648 1693 
1053 
372 601 654 864 883 923 1687 1799 
492 
1158 1675 
38 907 1307 1335 1550 
1747 
641 702 707 778 806 823 862 1030 1167 1172 1257 1278 1305 1329 1380 1498 1526 1619 1770 
1242 1557 
906 1360 1854 
5 
1315 
127 191 256 313 321 421 438 498 652 772 873 1246 1357 1750 
825 1803 
492 1360 1513 1653 
285 635 924 1726 1789 1859 
1537 
249 
811 
1796 
546 
599 606 1396 
2 194 197 232 1514 
1525 
877 979 1141 
413 697 859 919 1375 1641 1669 
1136 1713 
615 659 665 1064 1144 1330 1539 1821 
1572 1841 
1160 
808 984 1065 1073 1319 1493 1543 1591 1643 
1553 
170 596 779 985 1114 1857 
390 644 1060 1285 1768 
35 230 249 388 480 615 694 805 899 1262 1304 1602 1662 1724 
801 925 959 1049 1323 1575 1846 
497 1739 1844 
690 875 973 991 1143 1253 1351 
199 
503 906 
1184 1702 
477 700 983 1168 1460 1594 
149 1464 
226 257 513 642 654 657 662 893 916 923 936 1010 1142 1145 1223 1314 1658 
438 931 1088 1335 1650 1652 
768 1135 
472 621 709 1118 1317 1322 1861 
129 699 986 1260 1369 1640 
1286 
500 565 714 743 1818 
331 428 1135 1348 1720 
782 914 
1253 1351 1576 1617 
793 924 
282 1461 1725 1807 
420 653 
829 1266 1705 
740 1558 1632 1710 
371 
303 865 
124 317 593 640 763 791 807 809 831 938 987 1007 1027 1059 1113 1120 1153 1203 1304 1362 1423 1455 1516 1538 1566 1570 1644 1827 
704 
187 226 227 419 513 654 657 883 923 936 956 1223 1314 1437 1833 
519 588 649 822 874 897 1035 1061 1178 1226 1361 1500 1563 1607 1629 1689 1778 
1010 1442 1755 
119 632 1050 1059 1259 1304 1551 1867 
877 979 1160 1235 
470 731 1636 
71 1250 1750 
438 652 741 748 1096 1147 
27 106 231 561 986 1039 1632 1702 1713 1764 
771 1115 1156 1559 
11 508 592 834 1331 
444 
171 
534 1454 1633 1654 1781 1782 
705 914 
181 223 554 
138 139 376 737 861 1013 1352 1402 1824 
137 139 376 737 861 1013 1121 1352 1402 1824 
137 138 376 737 861 998 1013 1121 1352 1402 1824 
569 1255 1339 
1056 1790 
259 1346 
1056 1790 
1374 
811 939 
1048 
636 
179 730 1106 
101 1464 
527 564 1028 1308 1753 1760 
254 715 1193 
1210 
1855 
1139 1250 1479 
213 549 585 711 1108 1384 1659 
640 825 1523 
893 1191 1280 1420 
504 948 1296 
6 1494 1582 
636 677 692 880 1474 1755 
809 1059 1823 
44 163 1154 1410 1623 1656 
44 162 1154 1410 1623 1656 
711 
948 1081 1157 1296 1639 
877 1411 1720 
360 1110 
219 322 1684 1792 
1438 
91 985 1857 
133 229 1503 
206 1175 1404 
640 
1836 
848 
793 
510 703 927 1494 
696 1146 1284 1313 1363 1457 1584 1718 
148 730 1106 
532 745 780 846 1311 1646 1666 1683 
136 223 554 
679 969 
1475 
712 
310 458 834 1667 
656 
121 257 654 1068 1223 1314 
1177 1237 
1368 
2 194 333 456 
71 529 626 842 891 1240 1316 1444 1463 1750 
1250 1298 1335 1719 
283 675 689 1598 
81 190 197 232 333 334 1514 1611 
264 614 873 1307 1354 1390 1806 1858 
8 633 906 
81 194 1514 1611 
493 607 693 950 1517 
97 1371 
201 660 
200 1279 
1200 
1368 
761 857 1017 1282 1478 1679 1733 
278 1670 
172 510 673 
1196 
1175 
506 636 699 989 1494 
1163 1494 1764 1849 
2 470 884 1079 1180 1307 1354 1558 1578 
832 991 1576 
155 585 1108 1384 1659 
1249 1638 1750 
344 942 1288 1483 1496 1524 1574 1596 1706 1762 1801 
243 256 403 471 629 650 652 732 836 1571 1624 1750 1756 
643 738 1345 1630 
1161 1302 
168 1726 1792 
330 1074 1110 1304 1480 1587 1816 
495 961 993 1136 1215 1394 1519 
961 993 1074 1136 1164 1215 1334 
136 181 554 
1001 1075 1366 1368 1430 1456 1707 1795 1855 
369 807 955 972 974 1281 1304 1347 1419 1540 1668 
3 29 102 121 227 257 537 601 654 657 841 883 956 1009 1195 1377 1658 1687 1833 
3 121 226 654 1223 
1192 1280 1779 
171 
35 93 
129 622 980 1425 
81 194 333 456 
1758 
595 661 1315 1544 1667 
1585 
708 838 867 1032 1045 1743 
1090 1441 1682 1749 
239 724 844 
238 724 844 
555 1100 1116 1166 1851 
438 
296 321 375 481 755 1248 1289 
32 216 481 563 879 946 1838 
625 753 1320 1745 
676 683 719 794 1024 1041 1091 1186 1201 1511 1601 1672 1757 
523 666 718 764 856 878 1097 1486 1487 1600 1615 1811 1813 
1177 1306 1697 
645 1337 1577 
76 93 453 507 530 645 784 885 892 1022 1177 1337 1350 1446 1661 1688 1697 1773 1825 
1306 1419 1551 
509 572 909 1011 
574 
24 
151 715 1193 
429 520 652 1399 1652 1841 
71 216 563 748 1185 1230 1572 1750 1791 
102 187 226 537 654 662 1223 1658 
1233 
142 
603 721 843 1038 1190 1276 1393 1485 1509 1625 1690 
544 
981 
1268 1479 
195 
789 1626 
759 1333 1573 1866 
858 
674 680 
17 318 678 774 926 1010 1109 1169 1204 1205 1635 1649 1755 1769 1776 
412 533 623 763 817 1552 1562 
1227 
55 511 751 1564 
1788 
907 1453 
1188 1206 1275 
390 518 590 688 742 787 802 902 947 1040 1124 1285 1311 1474 1481 1647 1667 1809 
484 670 870 1066 1482 
205 
380 430 997 1040 1204 1469 1580 1685 1713 1856 
1104 
428 561 826 1094 1237 1348 1494 1529 1720 1767 
113 1725 1807 
193 675 689 1306 1598 1616 
1071 
74 1243 1306 1337 
868 953 1010 1044 1211 1471 1674 1754 
542 1224 1436 1586 
788 967 
560 589 747 1433 
1750 
1804 
7 
43 
1062 1112 
298 475 483 496 631 646 682 726 735 889 890 912 940 1018 1069 1173 1222 1247 1292 1472 1581 1613 1734 1736 1808 1842 
242 354 628 
595 
295 
1489 
1523 
907 1148 1269 1667 
1572 
118 445 538 551 826 854 1127 1197 1293 1359 
1523 1803 
45 
309 648 1744 
528 990 1105 1341 1445 1752 
840 1034 1789 
306 330 591 623 688 694 763 785 872 939 970 1036 1126 1130 1239 1264 1315 1458 
185 
1608 
563 
71 609 1155 1231 1254 1451 1794 
1129 
1783 1793 
734 1197 1657 1826 
119 377 490 620 640 776 791 809 869 896 938 974 987 1059 1113 1153 1203 1281 1362 1423 1516 1538 1566 1644 1798 1823 
29 269 501 559 638 687 706 841 953 1010 1014 1037 1068 1109 1117 1131 1134 1137 1169 1183 1204 1473 1484 1507 1521 1522 1649 1660 1761 1774 
576 613 1306 1579 1761 
663 733 971 1699 1727 1834 
32 71 242 482 652 860 1002 1248 1340 1389 1406 1545 1572 1750 1820 
168 598 941 1418 1539 1804 
930 1368 1492 1787 
466 776 809 869 955 1113 1153 1200 1203 1281 1516 1525 
556 636 880 929 1694 1735 
329 553 1204 1546 1624 1710 
1702 
45 52 522 752 1015 1405 1738 
28 326 977 1385 
45 220 309 550 910 1006 1063 1239 1304 1587 1816 
38 109 612 911 924 978 1702 1771 
442 
190 194 232 456 
2 194 1514 
624 1273 1434 1475 1742 
1152 
562 817 837 901 937 1103 1348 1532 1729 1747 1822 1840 
1115 1750 
451 547 671 1072 1572 

908 1123 
922 1466 
573 639 821 1256 1536 1621 1665 1695 1712 1829 1850 
215 1288 1483 1496 1524 1574 1596 1706 1762 1801 
1051 
1831 
770 1836 
349 
348 
482 652 1252 1547 1557 1599 
486 768 1702 1802 1859 
488 604 887 903 1267 1528 1740 1786 
1115 1571 1675 
296 429 651 741 750 1367 1559 1572 
1703 
525 1297 1804 
962 
1010 
817 930 939 1555 
167 905 1273 
648 727 1128 1373 1432 1433 
435 1123 
428 826 1529 1720 
1152 
1079 
834 
373 581 652 672 814 836 907 986 1070 1096 1187 1265 1386 1400 1428 1568 1637 1670 1763 1791 
956 1191 
225 709 
914 986 1535 1678 
117 1099 1235 1831 
61 1238 1325 1687 
367 736 782 918 
1545 
242 1358 
137 138 139 737 861 998 1013 1121 1352 1402 1824 
317 620 728 809 915 1113 1203 1538 1570 1798 

567 716 767 775 951 968 1058 1125 1150 1241 1249 1309 1343 1847 
279 1523 1580 
541 941 1297 
383 489 505 597 655 686 895 921 994 1002 1202 1218 1303 1321 1415 1530 1709 1728 1737 1751 1806 1812 
382 482 597 873 1072 1144 1470 1806 
458 777 800 1072 1271 1572 1711 1806 
1715 1717 
602 1442 1795 
1501 
93 793 1691 1698 
1048 1366 
92 276 902 1285 
445 627 976 1182 1270 1731 
617 1151 1518 
478 479 491 498 1274 1572 
1213 
674 
1033 
698 795 1194 1228 1365 1414 1462 1597 1680 1797 
1541 1671 1677 
849 1552 
780 1554 
516 839 1122 1187 1843 
438 966 1335 1470 1550 
216 
515 540 575 701 1087 1119 1138 1198 1287 1723 1860 
1409 
766 771 999 1072 1708 
438 835 873 934 1354 1364 1491 1505 1634 1750 1806 1858 
520 651 671 750 816 957 1054 1147 1165 1216 1572 1599 1652 
1075 1707 
1465 
1664 
270 533 556 587 613 744 763 781 785 817 849 885 918 920 939 970 1016 1239 1264 1395 1441 1458 1476 1481 1492 1495 1497 1552 1554 1555 1562 1605 1744 1805 
84 
1499 
907 1453 
570 575 580 605 932 933 1005 1084 1294 1398 1852 
498 771 1572 
637 658 710 828 949 1209 1397 1502 1864 
121 
114 509 653 739 
71 732 1272 
717 1025 1490 
1504 
1481 
1822 

552 1008 1207 1468 1622 1828 1830 
109 281 363 445 510 553 561 612 664 760 826 952 975 1029 1043 1237 1348 1385 1421 1499 1529 1546 1651 1720 
255 354 703 986 1252 1416 1470 1523 1572 1750 
279 487 524 997 1580 1670 
584 
449 732 754 
652 986 1386 1432 
504 1269 
362 571 760 1720 
1714 
56 830 1720 
71 103 128 241 402 407 471 489 491 578 594 610 651 652 671 722 723 729 732 741 748 750 798 803 835 851 860 863 865 873 884 907 917 927 931 934 957 988 1088 1096 1102 1115 1132 1147 1165 1216 1230 1234 1250 1263 1271 1274 1324 1335 1340 1354 1364 1367 1470 1491 1505 1542 1550 1559 1572 1585 1634 1667 1708 1715 1730 1732 1750 1780 1791 1806 1863 
754 
839 
1675 
332 
948 1296 
132 548 948 1081 1157 1296 1639 
303 391 428 627 939 972 976 1130 1182 1270 1720 1731 
763 
1369 
1273 
432 578 652 748 860 1248 1261 1491 1545 1559 1572 1730 1750 1858 
558 647 695 699 705 913 944 1020 1042 1107 1232 1277 1295 1435 1440 1506 1527 1716 
339 1572 1750 
512 756 762 769 815 894 1086 1089 1382 1488 1592 1673 
249 992 1001 1075 1366 1430 1456 1707 
487 1076 
15 
190 232 333 1251 

185 384 722 1088 1291 1298 1335 1470 1550 1650 1652 
577 813 1374 
566 611 945 1149 1219 1427 1609 

1250 
17 501 559 687 742 783 818 841 855 953 962 1009 1010 1012 1044 1131 1134 1137 1159 1169 1183 1301 1312 1336 1417 1473 1474 1508 1649 1754 1755 1761 1769 1775 1853 
613 928 1686 
1381 1732 1867 
35 324 620 809 810 869 938 972 1007 1113 1189 1203 1281 1304 1602 1732 1867 
517 804 871 995 1083 
1158 1406 1791 
881 1078 1499 
126 211 578 652 748 754 851 884 1307 1324 1390 1545 1838 
216 438 652 754 907 946 988 1156 1307 1354 1572 1766 
105 621 709 1118 1317 1322 1861 
17 501 559 850 886 953 1010 1159 1260 1334 1467 1754 1755 1769 
59 589 747 1199 1452 1688 1693 
295 646 1842 
19 824 1094 1334 1474 
100 700 983 1168 1460 1594 
393 479 520 917 1096 1216 1542 1572 1750 
393 478 1572 
93 1063 1304 1327 1480 1724 1816 
242 243 755 777 1132 1139 1571 
40 321 350 383 520 557 651 750 931 935 1031 1072 1144 1147 1274 1340 1542 1547 1557 1780 1791 
295 496 631 682 726 735 889 890 912 940 1018 1069 1222 1247 1292 1472 1581 1613 1734 1808 
277 670 870 1066 1482 
832 875 991 1143 1253 1590 1845 
351 922 1359 
430 454 803 1076 1364 1523 1580 
352 604 887 903 1267 1528 1740 1786 
382 438 597 1002 1175 1387 1582 1758 
317 620 869 896 938 1203 1566 
393 438 652 671 750 860 1542 1572 
62 73 
198 607 693 950 1517 
4 900 1300 1569 1663 1741 1837 
221 661 961 1338 1515 
295 483 631 726 735 889 890 912 1018 1222 1292 1472 1581 1613 1734 1808 
95 1739 1844 
4 71 393 417 652 750 1088 1147 
37 1055 1171 1819 
108 565 714 743 1818 
17 29 34 318 463 473 521 559 677 685 687 692 742 783 818 824 841 850 855 888 898 926 953 960 962 1009 1010 1012 1014 1037 1044 1068 1109 1117 1131 1134 1137 1159 1169 1183 1204 1205 1208 1244 1260 1301 1312 1378 1391 1467 1471 1473 1474 1484 1507 1521 1549 1595 1640 1649 1660 1754 1755 1759 1761 1769 1775 1776 1785 1810 1853 1862 
53 1242 1299 1401 1449 1722 
98 
158 434 1585 
382 655 686 921 994 1415 1530 1709 1728 
209 744 1021 1356 1702 1802 1849 
249 784 892 1022 1446 1773 
131 592 834 1331 
251 420 572 679 739 909 969 1011 
177 206 428 664 690 952 1019 1187 1421 1651 1713 
272 826 1832 
452 756 762 769 770 815 1089 1382 1592 1673 
102 121 537 642 657 883 916 936 1142 1145 1195 1223 1377 1437 1833 
1093 1122 
404 540 701 1119 1198 1287 1723 1860 
12 401 1667 1715 1717 
467 804 871 995 1083 
45 276 562 659 817 997 1019 1064 1604 
122 588 649 822 874 897 1035 1061 1178 1226 1361 1500 1563 1607 1629 1689 1778 
255 408 478 482 777 846 931 957 1054 1072 1147 1165 1383 1599 1652 1675 1750 
17 501 559 634 687 692 783 876 886 953 1010 1012 1037 1109 1131 1169 1208 1244 1301 1474 1521 1649 1755 1761 1769 1862 
328 752 858 1015 1405 1677 1738 
246 666 718 764 856 878 1097 1486 1487 1600 1811 1813 
430 548 1039 1250 1580 1800 1856 
356 541 598 1104 1297 1804 
29 824 953 1162 1631 1674 
150 564 1028 1308 1753 1760 
307 990 1105 1341 1445 1752 
191 626 842 891 1240 1316 1444 1463 
249 645 885 1026 1337 1350 1688 1825 
9 725 1520 1667 1692 1748 1796 
180 688 736 824 939 1021 1074 1373 1535 1555 
270 412 763 817 929 1640 
134 1454 1633 1654 1781 1782 
58 792 847 1067 1111 1165 1614 1628 1681 1700 
50 670 853 870 1393 
226 257 513 657 883 936 956 1145 1195 1377 1833 
303 760 854 1293 1359 
30 
404 515 701 1119 1138 1198 1287 1723 1860 
381 525 598 1418 1804 
287 1436 
4 1412 1542 1569 
46 261 765 1326 
54 568 582 820 866 1052 1328 1355 1655 1835 
79 765 
339 1072 1249 1750 1820 
444 524 948 1081 1296 1639 
155 852 1108 1384 1403 
330 576 1006 1063 1662 
55 303 553 751 1306 1376 
427 1008 1207 1468 1622 1828 1830 
45 326 428 551 760 996 1135 1348 1385 1421 1671 
136 181 223 
240 630 723 1057 1100 1116 1166 1176 1585 1851 
325 412 587 690 824 1735 
482 907 935 1031 1389 
450 695 705 913 1020 1107 1277 1527 1716 
3 29 34 318 463 473 501 521 586 634 692 786 824 850 864 876 886 953 1009 1010 1012 1037 1044 1109 1131 1134 1137 1159 1169 1208 1413 1467 1474 1521 1534 1549 1595 1649 1658 1754 1755 1761 1769 1776 1862 
289 853 939 1036 1239 1395 1840 
45 129 281 428 839 1040 1187 1197 1279 1348 1385 1825 
337 518 1239 1395 1729 
243 256 312 1031 
150 527 1028 1308 1753 1760 
108 500 714 743 1818 
460 611 945 1149 1219 1427 1609 
379 716 951 968 1309 
54 545 582 820 866 1052 1328 1355 1477 1655 1835 
140 622 1092 1255 1407 
416 575 580 605 933 1005 1294 1398 1852 
435 652 752 986 1148 1230 1279 1324 1503 1572 1750 
251 509 770 909 969 1011 1591 
343 639 821 1256 1536 1621 1665 1695 1850 
252 965 
404 416 570 580 932 933 1005 1084 1398 1711 1852 
319 550 911 989 1139 
459 813 
438 449 470 594 722 748 1272 1559 1572 1750 1791 

416 570 575 605 932 1005 1294 1398 1852 
367 600 748 860 907 1252 1406 1428 1470 
54 545 568 820 866 1052 1328 1355 1477 1655 
654 
431 
155 213 711 1659 
17 559 677 685 687 783 841 850 886 1009 1010 1169 1208 1260 1378 1635 1701 1754 1755 1769 1774 1810 1862 
412 556 744 763 930 939 1264 1458 
122 519 649 822 874 897 1035 1061 1226 1361 1500 1563 1607 1629 1689 1778 
59 289 474 747 978 1199 1693 
276 1124 1481 1647 1809 
45 309 648 939 1239 
131 508 834 1175 1331 
119 791 807 809 831 974 987 1007 1203 1281 1525 1644 1827 
438 578 748 771 860 1272 1274 1542 1572 1750 1838 1858 
234 297 1098 
91 779 985 1114 1857 
382 383 489 1002 1758 1789 
322 525 541 1104 1297 1804 
80 606 760 1396 1476 1667 1839 
581 652 917 1406 
61 226 883 1195 1687 1799 
386 763 922 1046 
260 843 1038 1276 1485 1509 1625 1690 
352 488 887 903 1267 1528 1786 
416 570 580 933 1005 1084 1294 1852 
80 599 1396 1720 
198 493 693 950 1517 
21 812 845 1051 1196 
313 1155 1231 1254 1451 1794 
438 723 729 1132 1234 1585 
460 566 945 1149 1219 1427 1609 
331 428 975 1546 
319 412 464 699 782 978 1225 1239 1466 1481 1497 1521 1640 1686 
195 1470 1489 1585 1806 
86 93 1064 1290 
13 833 973 1214 1533 1588 1617 
392 1151 1176 1518 
727 787 802 
4 684 982 1047 1133 1344 1370 1603 
317 377 466 490 728 776 809 810 869 896 915 938 987 1203 1538 1798 
105 472 709 1118 1317 1322 1861 
231 569 1092 1238 1280 1339 1407 1740 1779 
52 270 309 665 763 785 817 881 918 939 1036 1239 1443 1458 1499 1531 1593 1744 
335 667 1050 1273 1434 1742 
244 753 1320 1745 
191 529 1240 1316 1444 1463 
391 445 972 976 1059 1130 1182 1270 1731 1767 
296 813 1140 1572 
216 652 748 772 1158 1357 1358 1545 1559 1838 1858 
555 1424 1585 
295 483 496 682 726 889 1247 1292 1472 1734 1736 
124 938 955 972 1007 1200 1304 1327 1548 1612 1867 
8 196 
17 34 521 559 841 876 1009 1010 1037 1068 1137 1183 1301 1378 1508 1754 1755 1862 
38 74 650 1003 1227 1521 1561 1620 1859 
147 160 209 325 880 
418 658 710 828 949 1209 1397 1502 1864 
318 742 841 1010 1012 1131 1137 1755 
1 343 573 821 1536 1665 1850 
119 156 173 317 763 776 809 1259 1304 1404 1455 1525 1551 1552 1612 1668 
66 702 707 778 806 823 862 1030 1167 1172 1257 1278 1305 1329 1380 1498 1526 1619 1770 
102 513 916 936 1142 1195 1223 
217 738 1345 1630 
92 1060 1285 1768 
248 249 530 885 1026 1177 1243 1350 1648 1661 1688 1697 
295 475 1842 
450 695 705 1107 1232 1277 1295 1527 
306 361 591 727 918 1036 1554 1555 1587 
122 519 588 822 874 897 1061 1178 1226 1361 1500 1563 1607 1629 1689 1778 
216 635 652 671 741 865 1088 1523 1542 1574 1582 1789 1859 
354 408 438 482 652 671 1248 1470 1545 1721 1750 1841 
71 128 216 255 321 350 367 433 438 449 470 471 491 498 571 600 629 650 651 671 723 732 741 748 750 754 772 777 803 836 851 860 873 879 935 986 1002 1062 1139 1144 1158 1246 1250 1324 1340 1367 1386 1389 1406 1416 1426 1491 1542 1559 1572 1624 1632 1708 1732 1750 1791 1863 
114 420 739 
3 61 102 121 187 226 227 257 583 841 864 893 923 1223 1658 1769 
382 505 686 921 994 1415 1709 1812 
186 1127 1758 
102 121 226 513 537 936 1145 1223 1238 1369 1377 1521 1833 
418 637 710 828 949 1209 1397 1502 1864 
10 86 518 1480 
200 911 1139 1269 1547 1558 1750 
234 495 1338 
102 257 864 893 1223 1280 1407 1658 
320 733 971 1699 1727 1834 
428 510 744 952 1225 1304 
86 623 1064 1466 1821 
246 523 718 764 856 878 1097 1487 1600 1615 1811 1813 
624 800 1250 1273 1503 1765 
4 720 757 790 882 1332 1560 1589 1645 
20 746 954 963 1023 1095 1318 1447 1815 
277 484 536 870 1066 1482 
339 408 438 491 650 651 652 879 907 1144 1349 1367 1572 1780 1841 
367 814 907 1428 1670 
206 740 978 980 993 
268 395 1535 
193 283 1004 1598 1616 
245 683 794 1024 1041 1091 1201 1511 1601 1672 1757 
17 34 160 501 586 685 687 692 783 850 876 886 953 960 1000 1009 1010 1131 1134 1162 1169 1260 1474 1701 1755 1761 1769 1776 1785 1810 1862 
34 269 850 886 953 1010 1044 1211 1413 1471 1640 1674 1755 1769 1783 1793 1862 
182 509 739 1011 
268 788 
687 1180 1561 1764 
295 483 631 726 735 889 890 912 1018 1069 1222 1247 1292 1472 1581 1613 1808 
245 676 719 1091 1186 1201 1601 1672 1757 
4 619 982 1047 1133 1344 1370 1603 
17 34 501 586 677 687 692 841 886 1009 1012 1131 1208 1260 1312 1674 1754 1755 1775 1810 
382 505 655 921 994 1415 1530 1709 1728 1812 
17 318 463 501 521 586 677 681 685 692 783 818 841 855 888 926 1009 1010 1014 1037 1109 1131 1134 1169 1183 1391 1413 1473 1484 1508 1649 1701 1754 1755 1769 1775 1776 1853 1862 
45 52 276 309 532 699 872 906 914 1036 1535 1640 
193 283 1598 1616 
96 510 556 763 
748 814 1503 1692 
17 34 160 501 521 559 677 685 687 783 818 841 850 876 886 953 1000 1009 1010 1012 1131 1169 1208 1260 1301 1413 1474 1649 1701 1755 1769 1785 1853 
198 493 607 950 1517 
93 309 811 885 1036 1063 1064 1304 
450 558 647 705 913 944 1020 1107 1232 1277 1295 1435 1440 1527 1716 
178 1146 1284 1313 1363 1584 
84 859 919 1375 1641 1669 
397 795 1228 1365 1414 1462 1680 1797 
106 209 450 613 688 763 817 875 876 886 906 914 953 1010 1094 1197 1208 1253 1351 1356 1494 1529 1532 1556 1595 1729 1754 1755 1764 1822 
100 477 1168 1460 1594 
404 515 540 1087 1119 1138 1198 1287 1860 
66 641 707 778 806 823 862 1030 1167 1172 1257 1278 1305 1329 1380 1498 1526 1619 1770 
177 429 723 1715 
120 1065 
135 450 558 647 695 913 1020 1107 1232 1277 1435 1440 1527 1716 
29 318 841 1010 1068 1312 1755 
66 641 702 778 806 823 862 1030 1167 1172 1257 1278 1305 1329 1380 1498 1526 1619 1770 
236 
105 369 472 621 1118 1317 1322 1861 
418 637 658 828 949 1209 1397 1502 1864 
155 164 585 852 1108 1384 1659 
184 1729 
852 1578 
108 500 565 1818 
151 254 1193 
379 567 767 775 951 968 1058 1125 1150 1241 1309 1343 
422 1025 1101 1490 
246 523 666 764 856 878 1097 1486 1487 1600 1615 1811 1813 
245 683 1041 1091 1201 1601 1672 
4 668 757 790 796 882 1332 1560 1589 1645 
260 843 1038 1190 1276 1509 1625 1690 
438 458 578 851 1088 1271 1505 1634 1650 1715 
438 555 610 652 703 799 800 863 873 927 934 1100 1132 1144 1179 1234 1298 1364 1424 1523 1585 1683 
238 239 844 
531 1094 1197 1748 
295 483 496 631 682 735 889 890 912 940 1018 1069 1222 1247 1292 1472 1581 1613 1808 
26 361 618 648 1126 1330 1458 1714 
377 620 869 1798 
438 610 863 1057 1234 1364 1634 
148 179 1106 
126 1636 
216 421 432 438 652 803 1274 1307 1572 1708 1766 1858 
320 663 971 1699 1727 1834 
316 927 1667 
295 483 496 682 726 889 890 912 940 1018 1069 1222 1292 1472 1581 1613 1808 
373 532 782 824 914 
137 138 139 376 861 1352 1402 
217 643 1345 1630 
420 509 653 679 1011 1250 
38 116 673 1221 1784 1805 
128 354 438 650 652 907 1147 1271 1349 1572 
34 276 463 501 638 783 824 841 953 1010 1026 1040 1134 1204 1208 1365 1534 1701 1774 1805 1862 
108 500 565 1818 
412 506 587 664 763 782 824 911 918 930 939 1021 1074 1126 1290 1315 1356 1458 1481 1555 1597 1666 1674 1729 1826 
180 1212 1279 
20 54 669 954 963 1023 1095 1318 1388 1447 1815 
289 474 589 1577 1693 
40 128 256 438 449 470 578 581 594 629 652 691 771 851 931 957 1072 1115 1230 1248 1261 1324 1340 1357 1390 1491 1542 1545 1559 1766 1780 
1192 
354 408 438 482 491 498 652 999 1088 1102 1147 1383 1572 1652 1791 1863 
55 272 551 854 1376 1564 
328 522 571 1015 1374 1677 1738 
244 625 928 1320 
432 439 470 471 652 907 1307 1324 1335 1354 1390 1470 1719 1766 1858 
242 481 1428 1470 1571 
452 512 769 815 894 1086 1382 1425 1488 1673 1817 
4 668 720 790 796 882 1332 1560 1589 1645 
51 
266 1333 1573 1866 
428 435 538 553 599 826 1019 1499 1626 
204 1017 1478 1733 
452 512 769 815 1086 1089 1382 1673 
119 270 309 412 446 533 587 602 623 640 690 699 744 781 817 849 885 918 929 939 1016 1021 1046 1103 1130 1239 1264 1315 1356 1458 1552 1554 1562 1605 1644 1744 1749 1767 
246 523 666 718 856 878 1097 1487 1600 1615 1811 1813 
544 546 1268 1800 1854 
406 771 1542 1708 
379 716 775 951 968 1058 1125 1150 1241 1309 1343 
104 351 789 993 1754 1859 
452 512 756 762 815 1089 1382 1592 1673 
347 512 572 1089 1315 1382 1544 
130 406 417 594 748 766 907 946 988 1072 1088 1096 1115 1274 1289 1542 1708 1766 1838 
71 629 652 1750 
1180 1215 1258 1448 1465 1763 
269 953 1010 1131 1137 1474 
379 716 767 951 968 1058 1125 1241 1309 1343 1847 
317 324 620 640 809 869 938 1113 1200 1203 1516 1525 1538 
384 481 520 652 1252 1559 
66 641 702 707 806 823 862 1030 1167 1172 1257 1278 1305 1329 1498 1526 1619 1770 
91 596 985 1114 1857 
180 400 846 1094 1657 1666 
412 763 817 901 918 920 939 1605 
110 373 613 736 744 799 824 868 1034 1117 1290 1306 1356 1368 1379 1400 1492 1640 1686 1758 1764 1802 
17 34 463 501 521 586 677 687 692 742 824 841 953 1009 1010 1012 1131 1134 1169 1183 1208 1301 1417 1474 1484 1649 1755 1769 
249 507 892 1022 1446 1773 
309 412 623 817 939 1239 1587 1744 
559 850 1010 1260 1264 1769 
276 618 1666 
288 680 967 
265 768 865 1632 1859 
4 668 720 757 796 882 1332 1560 1589 1645 
119 317 593 807 809 831 987 1113 1203 1362 1562 1566 1823 1825 1827 
58 535 847 1067 1111 1165 1681 1700 1746 
112 176 388 924 1311 1691 1698 
245 676 1041 1091 1186 1511 1601 1672 1757 
397 698 1194 1228 1365 1414 1462 1680 1797 
4 720 757 790 882 1332 1560 1589 1645 
1537 1843 
438 873 1271 1505 
38 723 782 824 836 986 1110 1386 1620 1640 1666 1763 1789 
384 667 723 1132 1234 1250 
94 925 959 1049 1323 1575 1846 
276 618 805 
438 487 652 732 873 934 1234 1426 1585 1708 
467 517 871 995 1083 
93 802 1063 1175 1262 1304 1327 1404 1662 1724 
66 641 702 707 778 823 862 1030 1167 1172 1257 1278 1305 1329 1380 1498 1526 1619 1770 
119 225 593 791 831 955 974 987 1007 1203 1281 1525 1827 
89 984 1065 1073 1319 1493 1543 
119 161 317 324 377 466 593 620 640 776 791 810 869 915 955 987 1027 1059 1113 1203 1423 1516 1523 1538 1570 1798 1823 
466 620 809 869 1007 1203 1281 1304 1404 1525 1538 1612 1798 1867 
77 145 694 1026 1036 1064 
21 608 845 1051 1196 1392 
459 577 628 
367 672 691 1269 1503 1572 1667 1670 1692 
452 512 756 762 769 894 1086 1089 1382 1425 1488 1592 1673 1817 
408 1088 1261 1730 1750 
270 337 359 412 518 533 623 699 763 781 785 901 918 937 939 943 970 1016 1103 1239 1264 1395 1458 1532 1583 1605 1617 1729 1744 1767 1803 
17 463 501 687 692 841 855 962 1131 1474 1508 1649 1755 1776 
967 
54 545 568 582 866 1052 1328 1477 1655 1835 
1 343 573 639 1256 1536 1621 1665 1695 1712 1829 1850 
122 519 588 649 874 897 1035 1061 1178 1226 1361 1500 1563 1607 1629 1689 1778 
66 641 702 707 778 806 862 1030 1167 1172 1257 1278 1305 1329 1498 1526 1619 1770 
29 476 501 526 532 556 559 736 742 744 782 783 799 953 1010 1162 1163 1211 1312 1521 1549 1597 1674 1683 1735 1754 1755 1865 
72 156 1523 1803 
281 303 363 428 511 760 1564 
22 1236 1512 1567 1627 
418 637 658 710 949 1209 1397 1502 1864 
115 1266 1705 
437 1094 1529 1546 
119 593 791 807 987 1007 1120 1362 1423 1562 1644 1827 
212 485 875 991 1253 1351 1576 1590 
616 973 1214 1533 1617 
11 131 185 366 508 592 1050 1229 1331 1642 
407 438 934 1179 1250 1364 1390 1399 1572 1634 1750 1806 
216 367 652 799 986 
337 901 1279 1348 1605 1747 
236 867 1032 1045 1743 
401 440 561 1040 1197 
38 39 308 1562 
17 29 34 226 318 463 501 586 634 638 654 685 687 692 706 742 783 818 855 876 883 886 888 926 953 962 1009 1010 1012 1014 1037 1068 1109 1117 1131 1137 1169 1183 1204 1208 1312 1473 1508 1522 1649 1687 1755 1769 1776 1853 1862 
191 529 1316 1444 1463 
260 603 721 1038 1190 1276 1393 1485 1509 1625 1690 
238 239 724 
21 608 812 1051 1196 1392 
180 520 780 1063 1126 1298 1383 1646 1666 1861 
58 535 792 1067 1111 1165 1614 1681 1700 1746 
175 
399 412 763 1552 1644 
17 34 473 501 559 586 677 678 692 786 876 886 906 928 953 1009 1010 1012 1037 1109 1131 1159 1169 1183 1208 1244 1260 1378 1413 1474 1508 1595 1635 1649 1701 1754 1755 1759 1761 1769 1776 1777 1805 1862 
40 438 470 652 722 748 1088 1324 1354 1470 1491 1542 1559 1572 1750 
549 711 713 1108 1384 1403 
536 560 1239 1840 
303 538 751 1359 1376 
17 29 463 501 687 818 841 1009 1010 1014 1068 1131 1137 1183 1208 1260 1413 1473 1484 1508 1649 1701 1761 1769 1853 
246 523 666 718 764 878 1097 1487 1600 1811 1813 
204 1282 
267 522 1015 1405 1738 
84 697 919 1375 1641 1669 
321 438 449 491 581 594 652 1324 1354 1838 
137 138 139 376 737 998 1013 1121 1352 1402 1824 
66 641 702 707 778 806 823 1030 1167 1172 1257 1278 1305 1329 1380 1498 1526 1619 1770 
438 723 729 1179 1234 1364 1634 
61 559 654 662 893 923 1010 1280 1310 1507 1521 1522 1658 1755 1769 1779 
118 438 650 789 1358 1561 
54 545 568 582 820 1052 1328 1355 1477 1655 1835 
236 838 1032 1045 1743 
286 782 953 1306 1442 1674 1795 
317 324 466 490 620 728 776 809 810 896 915 938 955 1007 1059 1113 1120 1203 1281 1538 1566 1602 1732 1798 1823 1867 
277 484 536 670 1066 
467 517 804 995 1083 
309 688 906 1862 
71 195 383 407 438 652 723 798 803 907 1079 1132 1175 1234 1252 1364 1470 1505 1542 1550 1572 1580 1585 1667 1708 1715 1750 1806 
122 519 588 649 822 897 1035 1061 1178 1226 1361 1500 1607 1689 1778 
13 96 485 699 832 991 1143 1253 1351 1533 1588 1671 
17 29 34 521 559 634 677 692 699 841 850 886 898 953 1010 1037 1044 1131 1159 1169 1244 1260 1413 1467 1474 1549 1595 1674 1754 1755 1769 1776 
83 125 166 979 1160 1235 
246 523 666 718 764 856 1486 1487 1600 1615 1811 1813 
243 652 671 1216 1572 1841 
160 325 636 1694 
469 623 
4 668 720 757 790 796 1332 1560 1589 1645 
61 121 226 513 537 601 841 936 1145 1195 1377 1437 1687 1799 1833 
211 438 470 999 1088 1354 1750 
249 412 530 645 694 763 939 978 1036 1050 1264 1306 1337 1350 1587 1640 1688 1697 1825 1859 
34 473 521 559 586 677 678 685 692 699 841 850 876 906 928 953 960 1009 1010 1037 1044 1159 1208 1244 1312 1413 1467 1474 1521 1522 1549 1595 1649 1658 1701 1754 1755 1759 1769 1853 
352 488 604 1267 1528 1740 1786 
29 501 687 841 1010 1012 1037 1068 1109 1137 1169 1183 1204 1260 1336 1674 1755 1761 1769 
295 483 496 631 682 726 735 890 912 940 1018 1069 1173 1222 1247 1292 1472 1581 1613 1734 1736 1808 
295 483 496 682 726 735 889 912 940 1018 1069 1222 1247 1292 1472 1581 1613 1734 1808 
191 529 1240 1316 1444 1463 
249 507 784 1022 1773 
102 157 654 662 864 1280 1658 1779 
452 756 815 1086 1382 1488 1592 1673 
382 1202 1218 1303 1321 1737 1751 
317 490 620 869 938 1203 1538 
122 519 588 649 822 874 1035 1061 1178 1226 1361 1500 1563 1607 1629 1689 1778 
29 501 876 960 1010 1037 1134 1169 1391 1507 1649 1754 1775 
93 1262 1304 1480 1587 1816 
4 494 1300 1569 1610 1663 1741 1837 
337 781 817 837 1103 1583 1605 1617 1744 1747 1767 
276 390 1311 1481 1647 1809 
352 488 604 1740 1786 
40 1383 1557 
6 360 
45 68 98 196 688 699 850 872 886 943 953 989 996 997 1010 1037 1159 1245 1521 1595 1671 1704 1754 1795 1845 1862 
18 64 274 301 367 415 438 471 557 581 671 672 741 754 771 873 986 988 999 1088 1096 1102 1250 1265 1335 1349 1409 1453 1470 1542 1559 1667 1675 1708 1719 1730 
341 
251 509 572 969 1011 1591 
45 330 1245 1433 1555 
331 576 660 744 1863 
295 483 496 682 726 735 889 890 940 1018 1069 1222 1247 1292 1472 1581 1613 1734 1736 1808 
450 558 695 705 1020 1042 1107 1232 1277 1295 1440 1527 1716 
45 110 135 370 688 699 736 1448 1494 1535 1556 1671 
377 620 809 869 1381 1538 1798 1867 
102 513 642 936 1142 1195 1833 
438 478 600 1634 1806 
373 412 623 648 744 763 781 817 930 939 1036 1239 1264 1492 1531 1555 
84 697 859 1375 1641 1669 
412 781 1442 1497 1554 1576 1767 
382 505 655 686 1415 1530 1812 
342 486 602 1544 1671 1704 
61 102 121 654 864 1658 1769 
74 112 331 793 964 1009 1180 1227 1306 1310 1353 1558 1580 1620 1624 1698 1784 1789 1859 
94 801 959 1049 1323 1575 1846 
29 269 501 687 841 1009 1068 1109 1169 1755 1761 
177 438 723 734 1019 1489 
464 753 850 886 1010 1208 1521 1534 1754 
325 533 763 1264 1640 
323 359 587 744 918 939 1126 1315 1458 1481 1554 1729 1744 
4 103 438 482 520 748 957 999 1054 1072 1088 1185 1383 1599 1780 
416 575 580 1084 1294 1852 
416 570 575 605 1005 1084 1294 1398 1852 
407 438 723 803 835 1132 1234 1364 1585 1634 
482 557 652 1144 1750 
102 121 513 537 642 657 883 916 1142 1145 1195 1223 1377 1437 1833 
337 817 1373 1532 1729 1822 
119 317 466 490 620 632 776 869 896 955 972 1007 1189 1200 1203 1304 1327 1602 1724 1732 1867 
145 309 359 412 445 532 560 587 591 623 744 763 781 785 817 885 918 930 1016 1021 1036 1103 1126 1239 1373 1395 1458 1481 1492 1499 1531 1552 1554 1555 1562 1593 1729 1744 1787 1826 1840 
295 483 726 735 889 890 912 1018 1247 1292 1472 1581 1613 1734 1808 
322 381 1297 1443 
215 1288 1574 1706 1762 
45 817 906 973 1077 1562 1704 
450 695 1107 1232 1277 1295 1435 1440 1506 
460 566 611 1149 1219 1427 1609 
243 471 771 1349 1559 
276 1481 1647 
158 165 443 444 548 1157 1296 1639 
418 637 658 710 828 1209 1397 1502 1864 
198 493 607 693 1517 
379 567 716 767 775 968 1058 1150 1241 1309 1343 1847 
428 510 664 1101 1304 1651 
17 29 34 286 318 463 473 501 521 526 559 677 678 692 699 742 774 783 824 841 850 868 876 886 906 960 1009 1010 1012 1044 1046 1109 1131 1137 1159 1162 1208 1260 1311 1413 1459 1467 1471 1492 1521 1541 1597 1635 1649 1701 1702 1754 1755 1759 1769 1771 1776 1810 1853 1862 
20 669 746 1095 1318 1447 1815 
225 324 632 807 809 869 938 1027 1063 1281 1347 1540 1602 1732 1798 
121 226 368 537 1833 
408 438 520 748 931 1054 1088 1127 1248 1274 1491 1542 1559 1599 1806 
29 1009 1010 1012 1134 1169 1204 1459 
94 801 925 1049 1323 1575 1846 
17 34 501 677 886 898 953 1010 1012 1037 1131 1169 1208 1507 1649 1701 1755 1775 1793 
221 222 495 993 1164 1394 
34 357 463 501 818 841 1009 1010 1014 1348 
20 54 669 746 1095 1447 1815 
924 1558 1624 
574 
402 1246 
288 788 819 
379 567 716 767 775 951 1150 1241 1309 1343 
182 509 572 909 1591 
309 412 817 1036 1239 1395 1744 
320 663 733 1699 1727 1834 
225 445 466 627 632 938 1059 1304 1516 1668 1724 1732 1867 
13 96 616 833 943 1214 1533 1588 1704 1755 1767 
225 317 593 807 987 1203 1570 1668 
428 612 1237 1529 1605 1744 
391 445 627 1182 1731 
28 329 1174 
331 589 613 673 885 
83 125 877 1235 
231 673 1011 
262 
4 619 684 1047 1133 1344 1370 1603 
100 477 1064 1168 1460 
89 808 1065 1073 1543 
91 170 596 779 1114 1857 
106 129 367 370 429 433 571 652 799 836 907 1203 1386 1494 1535 1538 1758 1777 1791 
119 317 593 620 791 807 809 831 974 1007 1120 1203 1281 1423 1538 1644 1827 
438 471 771 907 1102 1156 1274 1470 1542 1559 1572 1750 1780 
209 576 906 1077 1197 
307 528 1105 1341 1445 1752 
96 212 485 832 875 1143 1253 1351 1590 
453 1001 1075 1366 1430 1456 1707 
221 222 673 768 961 1074 1077 1136 1164 1394 1519 1531 1556 1704 1764 1802 
382 505 655 686 1415 1530 1709 1728 1812 
467 517 804 871 1083 
56 553 906 1617 
279 430 518 906 1039 1040 1093 1469 1580 1685 
139 376 861 1121 1352 1402 1824 
406 750 884 907 931 1088 1147 1252 1335 1559 1719 1780 
17 29 677 692 1010 1044 1211 1755 
224 453 992 1075 1366 1430 1456 
321 382 489 597 652 1340 
38 635 1139 1306 1503 
675 1598 1616 
416 570 575 580 605 933 1084 1294 1398 1852 
330 550 1304 1587 1816 1840 
119 466 593 632 807 810 831 869 938 987 1203 1455 1516 1525 1644 1732 1827 
427 552 
17 34 226 463 501 559 586 634 677 685 687 692 783 841 850 855 886 924 926 953 958 962 1010 1012 1068 1117 1131 1134 1137 1169 1183 1260 1312 1391 1473 1631 1658 1755 1759 1774 1802 1810 1862 
17 29 34 102 123 269 286 318 358 463 473 501 521 559 586 634 638 677 678 687 692 699 706 742 774 783 786 824 841 850 855 864 876 886 888 898 906 928 953 958 960 962 1000 1009 1012 1014 1037 1044 1068 1109 1131 1134 1137 1159 1169 1183 1208 1244 1260 1301 1312 1378 1391 1413 1417 1459 1467 1471 1474 1484 1507 1508 1521 1549 1595 1631 1635 1649 1674 1701 1754 1755 1759 1761 1769 1775 1776 1785 1853 1862 
251 509 572 679 739 909 980 1591 
17 463 501 521 559 638 685 692 783 841 850 888 953 958 960 1009 1010 1037 1131 1134 1137 1169 1208 1211 1301 1312 1417 1467 1473 1474 1649 1660 1754 1755 1759 1769 1775 1776 1862 
137 138 139 376 861 1352 1402 1824 
318 501 687 841 855 962 1010 1068 1131 1137 1169 1183 1484 1508 1755 1862 
45 52 328 522 752 858 1374 1405 1677 1738 
412 763 817 939 1442 1492 1554 1744 1787 
204 761 1478 1733 
295 483 496 682 726 735 889 890 912 940 1069 1173 1222 1247 1292 1472 1581 1613 1734 1808 
510 518 760 927 1618 
450 558 695 705 913 1107 1435 1527 1716 
26 506 532 744 763 939 1315 1492 1554 1648 1787 
249 507 784 892 1446 1773 
20 54 669 746 1095 1318 1388 1447 1815 
245 676 1091 1186 1201 1601 1757 
422 717 1101 1490 
530 645 742 811 1177 1250 1330 1350 1626 1640 1661 1805 1825 
119 809 955 1203 1525 1570 
150 527 564 1308 1753 1760 
428 1197 1720 
66 641 702 707 778 806 823 862 1167 1172 1257 1278 1305 1329 1380 1498 1526 1619 1770 
482 557 563 1542 1572 1750 
236 838 867 1045 1743 
396 
308 782 1306 1353 
122 519 588 822 874 897 1061 1178 1226 1361 1500 1607 1629 1689 1778 
309 560 623 648 688 694 811 885 918 939 970 1128 1239 1433 
29 34 318 501 521 559 634 687 841 850 876 886 888 898 906 960 1010 1012 1068 1131 1134 1137 1159 1169 1208 1301 1336 1413 1649 1754 1755 1759 1769 1775 1853 1862 
260 603 721 843 1190 1393 1485 1509 1690 
129 524 997 1040 1469 1626 1685 1713 
38 276 279 561 742 839 997 1039 1469 1523 1626 1632 1685 1713 
245 676 719 794 1091 1186 1201 1511 1601 1672 1757 
450 913 1232 1295 1440 1527 1716 
428 1264 1306 1356 1421 1529 
17 286 463 501 559 678 876 886 953 1000 1010 1131 1471 1521 1658 1674 1701 1755 1769 1862 
236 838 867 1032 1743 
602 763 953 1381 1471 1492 1674 1702 
4 619 684 982 1133 1344 1370 1603 
146 389 1152 
94 801 925 959 1323 1846 
124 624 834 885 1101 1250 1434 1544 1845 
21 345 608 812 845 1196 1392 
54 545 568 582 820 866 1328 1477 1655 
60 
408 520 931 957 1072 1147 1165 1216 1383 1599 1721 1780 1791 
37 499 1171 1819 
141 143 1790 
555 729 1116 
379 716 767 775 951 1125 1241 1309 1343 
119 124 161 317 627 809 869 972 1203 1423 1455 1516 1551 1579 1823 
92 644 1285 1768 
122 519 588 649 822 874 897 1035 1178 1226 1361 1500 1563 1607 1629 1689 1778 
294 652 1112 1750 
330 480 550 694 805 846 955 1262 1304 1587 1816 
86 518 615 665 694 811 983 1495 1531 
89 704 808 984 1073 1319 1493 1543 1643 
277 484 670 870 
58 535 792 847 1111 1165 1614 1628 1681 1700 1746 
17 187 318 501 634 706 841 855 888 926 1009 1010 1014 1037 1109 1117 1131 1134 1137 1169 1473 1484 1649 1660 1701 1761 1862 
295 483 682 726 735 889 890 912 1018 1173 1222 1247 1292 1472 1581 1613 1734 1808 
367 1637 
46 284 1439 1606 1653 1854 
4 339 383 384 406 482 520 547 748 771 931 1054 1261 1298 1383 1542 1750 
89 808 984 1065 1319 1493 1543 1643 
220 222 532 744 993 1239 1290 1481 
224 409 453 992 1001 1366 1430 1456 1707 
454 487 1523 
45 943 989 993 1394 
469 
211 365 873 
1170 1191 1420 
165 444 548 1157 1296 
4 1412 1610 
467 517 804 871 995 
416 575 605 932 933 1005 1294 1398 1852 
4 1412 1569 1610 
452 756 762 815 894 1382 1425 1488 
404 701 1119 1138 1198 1287 1723 1860 
103 438 458 498 650 722 750 771 816 851 884 907 931 957 999 1096 1147 1289 1298 1349 1383 1399 1470 1542 1559 1582 1599 1708 1719 1780 1791 
452 512 762 769 770 815 1382 1592 1673 
237 1441 1682 1749 
245 676 683 719 794 1024 1041 1201 1511 1601 1672 
569 622 1238 1407 1779 
9 514 997 1122 1523 
281 476 699 725 780 830 1175 1197 1529 1657 1692 
20 54 669 746 954 963 1023 1318 1388 1447 1815 
128 367 438 478 771 907 1088 1261 1367 1708 
246 523 666 718 764 856 1487 1600 1811 1813 
595 1326 1664 
371 1141 1831 
240 555 723 1116 1166 1585 
717 952 1025 1050 1197 1298 1490 1565 1604 1651 
438 750 907 988 1248 1572 1582 1708 
337 763 817 901 939 1385 1744 1840 
280 525 598 1297 1804 
307 528 990 1341 1752 
148 179 730 
450 558 647 695 705 913 944 1020 1232 1277 1435 1440 1506 1527 1716 
155 213 549 711 852 1403 1659 
29 269 318 501 521 559 687 841 850 888 926 953 1010 1068 1131 1134 1137 1169 1183 1459 1754 1755 1761 1769 
167 220 799 1175 1387 
58 535 792 847 1067 1165 1614 1628 1681 1700 
294 1062 
119 317 324 377 466 776 791 809 869 1153 1203 1566 1570 
91 596 779 985 1857 
130 338 353 438 748 771 1571 1721 1820 
240 555 1057 1100 1166 1851 
318 501 782 841 1009 1068 1169 1244 1484 1755 
105 472 621 709 1317 1322 1861 
404 515 540 701 1087 1138 1287 1723 1860 
119 831 869 987 1203 1362 1465 1525 1827 
138 139 376 861 998 1352 1824 
9 401 514 1093 1187 
341 362 1130 
276 590 1481 1647 1809 
379 716 767 775 1058 1309 1343 
309 727 744 846 930 939 1128 1197 1239 1315 1458 1710 1816 
303 656 957 1515 1525 
361 1036 1126 1304 1433 1587 
314 
309 445 627 763 1123 1583 1854 
17 29 34 318 463 501 521 559 638 677 685 687 692 774 783 818 841 850 855 876 953 960 1009 1010 1012 1014 1037 1044 1068 1109 1134 1159 1169 1183 1204 1208 1301 1378 1413 1473 1474 1484 1521 1549 1649 1660 1754 1755 1759 1761 1769 1774 1775 1776 1853 1862 
438 481 610 723 800 873 934 1179 1234 1364 1505 1523 1572 1585 1634 1650 1750 1806 1858 
4 619 684 982 1047 1344 1370 1603 
17 318 463 501 559 677 687 742 783 898 958 1009 1010 1012 1037 1068 1109 1131 1137 1159 1169 1183 1204 1260 1312 1378 1391 1459 1474 1549 1649 1755 1761 1769 1775 1853 1862 
104 109 553 1678 
85 221 222 993 1164 1215 1310 1631 
17 29 34 318 463 501 559 634 638 774 841 855 888 953 1009 1010 1012 1014 1037 1068 1109 1134 1169 1183 1204 1301 1336 1473 1508 1522 1549 1649 1658 1769 1862 
404 540 701 1087 1119 1287 1723 
154 481 576 652 660 1003 1148 1175 1503 1572 
628 1777 
83 1099 
102 513 642 916 936 1223 1377 1658 
96 485 875 991 1253 
86 383 482 652 671 723 935 1738 
102 513 537 657 883 936 1195 1377 1437 1833 
178 696 1284 1313 1363 1457 1584 1718 
128 408 438 482 498 520 741 750 999 1054 1088 1165 1383 1721 1750 
301 571 1139 1386 1574 1858 
460 566 611 945 1219 1427 1609 
379 716 767 951 968 1241 1309 1343 1847 
392 617 1518 
336 364 1048 1579 1840 
119 317 324 1113 1455 1516 1525 1551 1566 
44 162 163 1410 1623 1656 
313 609 1231 1254 1451 1794 
130 471 988 1307 1335 1572 
165 444 948 1081 1296 
63 468 629 652 1750 
17 34 463 473 501 559 850 876 886 906 953 1010 1037 1131 1134 1260 1413 1467 1474 1541 1595 1658 1754 1769 1853 1862 
88 125 877 
218 1302 
29 526 677 824 953 
210 824 1761 1789 1848 1849 1865 
222 961 993 1136 1215 1394 1519 
408 438 520 535 792 847 1054 1067 1111 1147 1250 1383 1470 1614 1628 1681 1700 1746 1780 
240 555 1100 1116 1851 
66 641 702 707 778 806 823 862 1030 1172 1257 1278 1305 1498 1526 1619 1770 
100 477 700 983 1460 1594 
29 269 318 463 501 521 559 586 677 687 692 783 841 850 876 888 898 926 958 960 1009 1010 1012 1014 1037 1068 1109 1117 1131 1134 1137 1183 1204 1205 1244 1260 1301 1336 1378 1391 1413 1474 1484 1521 1522 1649 1658 1754 1755 1761 1769 1775 1862 
1080 1191 1420 
37 499 1055 1819 
66 641 702 707 778 806 823 862 1030 1167 1257 1278 1305 1329 1498 1526 1619 1770 
295 889 1018 1069 1247 1292 1581 
977 1843 
172 208 489 592 805 873 1094 1110 1139 1221 1234 1330 1523 1565 1788 
555 617 
188 247 249 645 1026 1243 1337 1452 1661 
122 519 649 822 874 897 1035 1061 1226 1361 1500 1563 1607 1629 1689 1778 
723 835 863 1132 1234 1364 1424 1634 1683 
211 681 773 924 
1233 1481 1744 
391 445 627 976 1731 
17 34 318 463 501 634 687 783 841 850 855 888 1009 1010 1014 1109 1131 1134 1137 1169 1312 1473 1649 1755 1761 1775 
99 1702 1771 
256 931 1249 1429 1756 
245 683 794 1024 1041 1201 1511 1601 1672 1757 
367 401 510 561 1122 
275 1206 
466 938 1203 1304 1516 1732 
260 721 843 1038 1276 1393 1485 1509 1625 1690 
157 368 1080 1170 1420 
228 749 1280 1407 1779 
151 254 715 
397 795 1228 1365 1414 1462 1680 1797 
226 513 537 601 642 883 916 936 1145 1377 1799 1833 
21 207 608 812 845 1051 1348 1710 
303 316 561 699 725 839 989 1029 1094 1101 1126 1245 1298 1315 1494 1583 1657 1692 1832 1859 
404 515 540 701 1087 1287 1860 
59 474 589 1452 1648 1693 
202 324 632 776 938 1203 1381 1516 1548 1732 1867 
245 676 683 719 1024 1041 1091 1186 1601 1672 1757 
382 895 1218 1321 1737 1751 
119 317 324 377 466 490 593 620 776 791 807 809 810 869 896 938 974 986 987 1007 1027 1059 1113 1120 1189 1200 1281 1304 1362 1516 1525 1538 1570 1602 1644 1732 1798 1827 
17 269 279 318 326 501 742 841 888 958 1131 1134 1137 1169 1522 1523 1553 1761 1769 
269 501 1169 1754 1755 1862 
275 1188 1275 
427 552 1468 1622 1828 1830 
17 34 501 521 559 586 685 692 699 742 783 841 850 855 886 928 953 960 1010 1012 1037 1131 1260 1301 1312 1378 1413 1417 1474 1649 1658 1755 1759 1769 1775 1853 
418 637 658 710 828 949 1397 1502 1864 
152 
34 286 678 824 1000 1012 1467 1521 1754 1755 1769 
745 
394 
616 833 973 1617 
221 222 773 1136 1164 1519 1859 
408 438 478 879 1054 1708 
49 1220 1450 1510 1676 
382 895 1202 1303 1321 1737 1751 
460 566 611 945 1149 1427 1609 
49 1217 1450 1510 1676 
740 1175 1576 1632 
295 483 496 682 726 735 889 890 912 1018 1069 1247 1292 1472 1581 1613 1734 1736 1808 
3 102 121 187 227 257 513 642 654 657 662 936 1142 1658 
287 
31 613 664 
122 519 588 649 822 874 897 1035 1061 1178 1361 1500 1563 1607 1629 1689 1778 
271 635 924 1250 1764 1859 
397 698 795 1194 1365 1414 1462 1680 1797 1865 
11 834 1642 
256 438 571 748 1298 1426 1572 1750 1791 
313 609 1155 1254 1451 1794 
450 647 695 705 913 944 1042 1107 1277 1295 1435 1440 1506 1527 1716 
258 1181 
438 610 723 729 800 803 863 873 934 1132 1175 1179 1263 1364 1424 1523 1572 1634 1650 1750 1791 1806 
125 371 877 979 
22 827 1512 1567 1627 
188 281 428 975 1348 1529 1720 
372 622 657 1092 
309 330 412 560 562 591 613 623 763 785 817 853 918 939 970 1036 1074 1126 1395 1458 1495 1499 1555 1593 1744 1840 
191 529 626 891 1316 1463 
379 716 767 775 951 968 1058 1150 1343 1847 
53 67 502 1299 1401 1557 1722 
285 645 1177 1337 1661 
34 501 521 850 876 886 1010 1117 1169 1301 1467 1474 1754 1755 
26 906 910 1197 1494 1521 1556 1802 
71 652 966 1248 1428 1750 1756 1858 
295 483 631 682 726 889 890 912 940 1018 1069 1173 1222 1292 1472 1581 1613 1734 1808 
242 321 449 651 748 957 1102 1246 1324 1357 1491 1545 1572 1838 
214 379 547 1185 1756 1838 
127 154 192 438 462 524 652 667 739 800 835 907 1026 1050 1165 1227 1291 1330 1335 1515 1523 1557 1574 1805 1841 1843 
456 
350 429 581 777 873 999 1358 1572 1599 
96 111 485 699 832 875 991 1143 1351 1576 1671 
313 609 1155 1231 1451 1794 
140 569 1346 
343 573 821 1536 1621 1665 1712 1850 
66 641 702 707 778 806 823 862 1030 1167 1172 1278 1305 1329 1498 1526 1619 1770 
38 773 1523 1859 
124 640 1381 1548 1867 
34 106 473 501 586 677 685 692 786 850 855 876 888 953 1009 1010 1134 1159 1169 1208 1378 1474 1701 1755 1769 1776 
449 748 816 1072 1096 1542 1547 1572 1750 
93 805 899 1063 1304 1602 1724 1816 
438 1234 1715 1717 
309 412 587 763 786 817 885 918 929 1043 1441 1497 1554 1555 1744 
367 907 1307 1470 1559 
115 829 
352 488 604 887 1528 1740 1786 
263 765 1612 1791 
301 434 660 814 
391 445 627 1731 
384 438 722 741 798 1298 1470 1572 1650 
421 578 594 
54 335 360 448 624 667 1434 1475 1789 
393 438 482 594 732 771 957 988 1354 1358 1390 1542 1572 1730 1766 
275 1206 
260 603 721 843 1190 1393 1485 1509 
450 558 647 695 705 913 944 1107 1232 1295 1435 1440 1527 1716 
66 641 702 707 778 806 823 862 1030 1167 1172 1257 1305 1329 1380 1498 1526 1619 1770 
201 561 571 745 837 1523 1735 
42 157 228 622 662 864 893 1192 1407 1420 1658 1779 
225 317 324 466 593 807 810 869 955 987 1203 1347 1419 1516 1525 1540 1570 1668 1827 
204 857 
1677 
178 696 1146 1313 1363 1457 1584 1718 
92 276 390 644 1060 
107 
404 515 540 701 1087 1119 1138 1198 1723 1860 
215 344 942 1524 1574 1762 
242 771 1088 1399 1675 1708 1750 
52 615 744 782 1074 1356 1458 1481 1499 1534 
458 1250 1572 
295 483 496 631 682 726 735 889 890 912 940 1018 1069 1173 1222 1247 1472 1581 1613 1734 1808 
303 538 1359 1750 
416 570 580 605 932 933 1005 1084 1398 1852 
450 647 695 913 944 1042 1232 1277 1435 1440 1506 1527 
158 165 443 444 548 948 1081 1157 1639 1839 
356 381 525 598 941 1104 1418 1804 
192 458 723 846 1072 1088 1101 1197 1230 1271 1383 1657 
53 502 1242 1401 1449 1557 1722 
4 494 900 1569 1610 1663 1741 1837 
34 463 501 521 634 692 783 1010 1012 1037 1131 1137 1169 1208 1244 1649 1755 1769 1862 
218 1161 
382 895 1218 1321 1737 1751 
93 119 124 220 225 330 466 480 632 640 664 694 805 810 899 938 952 972 1006 1063 1128 1189 1203 1262 1327 1404 1480 1548 1562 1587 1602 1612 1662 1724 1732 1816 1840 1867 
66 641 702 707 778 806 823 862 1030 1167 1172 1257 1278 1329 1380 1498 1526 1619 1770 
41 247 250 283 285 319 551 782 868 885 924 1003 1034 1043 1466 1579 1640 1697 1832 
64 195 211 470 471 732 754 1156 1265 1335 1354 1390 1470 1491 1708 
150 527 564 1028 1753 1760 
379 567 716 767 775 951 968 1058 1125 1150 
23 864 924 1136 1519 1535 1632 1777 
180 276 793 902 953 1683 1848 
17 463 501 685 706 824 841 886 1009 1010 1012 1134 1183 1208 1378 1508 1649 1755 
16 178 696 1146 1284 1363 1457 1584 1718 
102 121 187 1833 
70 234 309 744 763 770 930 1021 1126 1197 1481 1544 1554 1583 1605 1606 1617 1836 
191 529 626 842 891 1240 1444 1463 
105 472 621 709 1118 1322 1861 
20 669 746 954 1023 1095 1388 1447 1815 
89 808 1065 1073 1493 1543 1643 
244 625 753 1521 1745 1865 
382 895 1202 1218 1303 1737 1751 
105 472 621 709 1118 1317 1861 
94 801 925 959 1049 1575 1846 
40 438 470 571 652 748 754 851 860 1248 1354 1470 1491 1766 1838 1858 
372 1740 
46 544 1098 
480 632 805 938 1304 1602 
54 545 568 582 820 866 1052 1355 1477 1655 
66 641 702 707 778 806 823 862 1030 1172 1257 1278 1305 1498 1526 1619 1770 
86 727 1026 1175 1250 1350 1805 
131 508 592 834 
4 668 720 757 790 796 882 1560 1589 1645 
266 759 1466 1561 1573 1866 
45 222 473 476 
47 64 103 192 402 438 458 754 907 999 1156 1250 1307 1367 1550 1650 1719 1805 1858 
463 888 1037 1137 1169 1761 
59 248 249 285 530 885 1177 1243 1350 1661 1688 1761 
495 661 
140 622 1740 
321 438 482 652 748 1002 1358 1383 1750 
307 528 990 1105 1445 1752 
16 
379 716 767 775 951 968 1058 1125 1150 1241 1847 
4 619 684 982 1047 1133 1370 1603 
217 643 738 1630 
142 1255 
225 955 1281 1419 1540 1570 1668 
45 109 281 337 428 553 561 837 962 1196 1237 1822 
671 741 907 946 1088 1367 1559 1572 1730 
249 530 645 885 1026 1330 1337 1648 1688 1697 1825 
96 111 699 832 875 991 1253 1576 1671 
137 138 139 376 737 861 998 1013 1121 1402 1824 
924 1034 
195 211 407 438 471 754 851 860 884 1274 1307 1324 1390 1470 1491 1634 1750 1766 1858 
54 545 568 582 866 1328 1655 1835 
52 506 699 744 763 782 1043 1290 1379 1458 1494 1640 1814 
71 629 748 1248 1491 1572 1750 
375 629 865 1252 1274 1340 1703 1838 
303 486 538 854 1293 1503 
68 73 1854 
122 519 588 649 822 874 897 1035 1061 1178 1226 1500 1563 1607 1629 1689 1778 
119 317 791 831 1120 1203 1516 1525 1644 1827 
178 696 1146 1284 1313 1457 1584 1718 
407 438 487 723 729 835 863 873 934 1132 1179 1234 1491 1585 1634 1806 1858 
397 698 742 795 1194 1228 1414 1597 1680 1797 
224 389 453 992 1001 1075 1456 1707 1855 
354 438 652 671 1096 1335 1349 1491 1572 1730 1756 
189 203 224 323 782 1555 
106 447 657 
4 619 684 982 1047 1133 1344 1603 
199 
27 1696 
361 532 937 939 1495 1555 
144 459 752 1015 
84 697 859 919 1641 1669 
31 551 751 854 1564 
226 513 537 657 883 936 1142 1145 1195 1833 
29 501 586 634 850 1010 1131 1134 1169 1208 1260 1312 1649 1701 1755 1769 1774 1810 1862 
36 782 1356 1814 
66 641 702 707 806 862 1030 1278 1305 1498 1619 1770 
465 915 1046 1200 1259 1867 
452 512 756 762 769 770 815 894 1086 1089 1425 1673 
40 520 750 846 904 931 1054 1072 1088 1147 1165 1298 1340 1572 1582 1599 1820 
155 213 549 711 852 1403 1659 
45 329 428 553 561 1103 
367 433 652 799 986 1148 1542 1863 
489 1110 1558 1624 
20 54 746 1023 1095 1318 1447 1815 
321 557 652 1542 1559 
195 470 748 754 835 1274 1307 1354 1572 1750 1806 
17 34 501 687 898 1009 1010 1134 1169 1474 1521 1649 1754 1755 1769 1775 
21 812 845 1051 1499 
260 536 843 1038 1190 1276 1509 1800 
221 961 993 1077 1164 1519 
412 560 562 817 939 970 1239 1840 
80 599 606 
418 637 658 710 828 949 1209 1502 1864 
416 570 575 580 933 1005 1084 1294 1852 
255 835 1088 1289 1675 1756 
367 782 1763 1764 
53 502 1242 1299 1449 1722 
137 138 139 376 737 861 998 1013 1352 1824 
549 852 1108 1384 
172 640 805 810 1304 1867 
45 328 522 858 1015 1738 
321 468 581 600 652 
569 622 662 1092 1192 1280 1779 
1858 
405 907 
44 162 163 1154 1623 1656 
166 
4 543 1082 1085 1569 1610 1663 1837 
17 34 559 678 687 692 850 855 876 886 953 1010 1037 1131 1159 1169 1208 1467 1474 1534 1649 1701 1754 1755 1769 1776 1853 
397 698 795 1194 1228 1365 1462 1680 1797 
382 505 655 686 921 994 1530 1709 1728 1812 
429 652 
34 463 783 1010 1012 1208 1521 1522 1649 1769 
322 541 1297 
225 250 1281 1347 1516 1540 1551 1732 1827 
157 1080 1170 1191 1280 
428 510 553 1043 1802 1822 
1535 
119 317 809 831 987 1059 1516 1562 1644 
14 630 723 1179 1234 
231 756 815 1086 1382 1488 
652 803 1230 1559 1572 1708 
460 566 611 945 1149 1219 1609 
367 581 672 755 1246 1670 1750 1756 1838 
1185 1675 
224 453 992 1001 1075 1456 1707 
14 
361 433 
289 361 910 1036 1128 
335 624 1050 1273 1475 1742 
450 695 705 944 1020 1107 1232 1277 1295 1440 1506 1527 
287 542 
121 513 883 936 1145 1833 
169 
46 1071 1606 1653 1854 
450 695 705 913 944 1042 1107 1232 1277 1295 1435 1506 1527 
237 412 1090 1264 1682 1749 
123 386 868 920 1016 1554 1795 
43 623 941 
191 529 626 842 891 1316 1463 
307 528 990 1341 1752 
249 507 784 1022 1773 
20 54 669 746 954 963 1023 1095 1318 1388 1815 
773 914 1632 1754 1755 
53 502 1299 1401 1722 
49 1217 1220 1510 1676 
313 609 1155 1231 1254 1794 
59 474 1177 1199 1693 
274 415 907 1675 
134 534 1633 1654 1781 1782 
119 640 1007 1059 1153 1516 1525 1551 
224 453 992 1001 1075 1366 1430 1707 1855 
178 1146 1284 1313 1363 1584 1718 
309 412 587 623 727 744 763 817 930 939 1126 1239 1290 1356 1481 
17 953 958 1010 1109 1134 1755 
100 477 700 983 1168 
113 
397 698 795 1194 1228 1414 1680 1797 
191 529 626 842 891 1240 1316 1444 
101 149 
410 773 1120 
342 613 665 1306 1333 1777 1865 
29 34 473 501 559 876 886 953 1010 1012 1159 1211 1244 1413 1595 1658 1674 1754 1755 1769 
427 552 1207 1622 
279 997 1039 1040 1580 1685 1713 1764 
18 47 383 402 429 438 458 581 614 651 754 755 851 873 907 988 1088 1165 1265 1271 1307 1324 1354 1550 1708 1719 1766 1806 
286 501 678 953 1010 1044 1046 1674 
295 483 496 631 682 726 735 889 890 912 940 1018 1069 1222 1247 1292 1581 1613 1734 1808 
318 463 501 687 841 855 1009 1012 1068 1131 1137 1183 1508 1649 1755 1761 
29 34 160 276 463 476 501 521 559 677 692 774 783 818 850 876 886 1010 1012 1131 1134 1159 1169 1208 1244 1260 1391 1413 1507 1508 1521 1534 1549 1649 1755 1761 1769 1785 1793 1862 
183 335 1273 1434 
412 599 1499 1561 1713 
54 568 582 820 866 1052 1328 1655 1835 
204 761 1017 1733 
54 154 263 1539 
220 480 659 899 1304 1816 
52 276 412 424 590 613 744 902 930 939 947 1074 1124 1181 1290 1315 1458 1555 1562 1647 1809 
277 484 670 1839 
215 344 1496 1524 1574 1762 
29 34 318 501 687 783 855 1010 1014 1068 1117 1131 1169 1649 1686 
260 603 843 1038 1190 1276 1690 
246 523 718 878 1487 1811 1813 
246 523 666 718 764 856 878 1097 1486 1600 1615 1811 1813 
452 756 815 894 1086 1425 1817 
299 614 927 
422 717 1025 1101 
40 407 438 449 652 748 851 957 1248 1307 1324 1354 1357 1364 1367 1542 1572 1750 1766 1806 1838 
323 412 782 918 939 953 1016 1021 1046 1555 1787 
89 808 1065 1073 1319 1543 1643 
159 177 209 210 281 699 914 986 1197 1245 1356 1515 1535 1556 1771 1859 
412 1064 1239 1373 1587 1605 
215 344 1483 1524 1574 1762 
412 613 920 1264 1787 
66 641 702 707 778 806 823 862 1030 1167 1172 1257 1278 1305 1329 1380 1619 1770 
414 428 469 623 760 939 1239 1290 1392 1476 
122 519 588 649 822 874 897 1035 1061 1178 1226 1361 1563 1607 1629 1689 1778 
387 1539 
418 637 658 710 828 949 1209 1397 1864 
171 571 667 691 814 1003 1139 1359 
423 
407 438 722 798 873 1132 1634 1750 
450 944 1107 1232 1295 1435 1440 
318 501 864 898 960 1010 1474 1658 1769 
17 463 634 687 818 841 850 855 1010 1014 1137 1312 1473 1474 1755 
260 603 721 843 1038 1190 1276 1393 1625 1690 
49 1217 1220 1450 1676 
245 676 794 1041 1091 1186 1672 1757 
22 827 1236 1567 1627 
73 
2 81 194 197 334 1611 
54 495 1127 1250 1494 1666 
119 317 324 776 809 972 1007 1059 1153 1189 1200 1203 1281 1362 1419 1423 1455 1525 1538 1551 1579 1644 1823 1827 
198 493 607 693 950 
392 617 1151 
221 993 1164 1215 1310 1394 1805 
531 1748 1796 
29 45 52 318 501 521 559 613 635 657 824 864 886 906 928 953 1010 1044 1131 1169 1211 1245 1320 1391 1417 1474 1541 1658 1674 1754 1755 1769 1853 1862 1865 
318 841 864 886 1137 1169 1204 1417 1658 1755 
38 156 300 304 380 429 487 650 723 809 825 1040 1076 1093 1132 1175 1204 1234 1250 1258 1279 1572 1580 1648 1692 1713 1763 1856 
215 344 1288 1483 1496 1574 1706 
82 324 593 640 776 807 810 1007 1027 1120 1127 1153 1203 1281 1362 1455 1516 1644 1827 1867 
66 641 702 707 778 806 823 862 1030 1167 1172 1257 1278 1305 1329 1619 1770 
450 558 647 695 705 913 1020 1042 1107 1232 1277 1295 1435 1440 1716 
352 488 604 887 1267 1740 1786 
281 363 428 699 830 975 1043 1094 1237 1859 
382 505 686 921 994 1415 1709 1728 1812 
623 918 939 993 1064 1764 
337 699 817 937 1729 1822 
13 616 833 875 973 1588 1671 
3 559 742 928 1290 1413 1474 1764 1769 
370 532 674 688 914 986 1310 1422 1494 1859 
1 343 573 639 821 1256 1621 1665 1695 1829 1850 
75 797 1726 
119 317 377 620 776 809 810 869 896 915 986 987 1203 1516 1644 1798 1823 
56 86 322 1479 1501 1556 1558 1754 1859 
225 955 1281 1347 1419 
398 953 1159 1521 1595 1674 1702 
4 438 478 482 491 543 594 650 652 748 766 771 851 873 907 957 988 1031 1072 1088 1261 1274 1386 1389 1491 1572 1708 1730 1820 
89 808 984 1065 1073 1319 1493 
234 770 922 1050 1315 
321 374 449 470 629 651 748 1248 1559 1750 1791 
326 428 612 830 
350 482 660 1261 
632 1200 1259 1304 1612 
29 501 559 824 876 886 1010 1131 1134 1137 1474 1553 1658 1660 1674 1754 1755 1761 1769 
64 402 438 458 873 1335 1470 1719 
124 250 640 1059 1153 1419 1455 1516 
270 399 412 640 763 849 939 1644 
90 1204 1549 
400 412 648 763 920 930 939 1016 1021 1264 1315 1442 1795 
359 412 532 648 744 910 918 939 1239 1264 1368 1373 1481 1492 1562 1587 1767 1826 
45 699 914 993 1245 1494 1539 1845 
40 53 67 350 482 904 1242 1250 1299 
38 116 211 660 924 964 1387 1539 1578 1624 1750 1789 1859 
4 130 354 438 449 578 629 652 748 777 851 907 946 957 988 999 1088 1265 1349 1389 1426 1545 1675 1708 
4 668 720 757 790 796 882 1332 1589 1645 
635 681 865 1333 1476 
26 39 270 412 763 791 831 840 939 943 1304 1423 1481 1555 1702 1704 
122 519 588 649 822 897 1061 1178 1226 1361 1500 1607 1629 1689 1778 
55 272 751 826 1376 
1101 1175 1604 
119 317 490 791 869 1113 1153 1644 
22 827 1236 1512 1627 
367 1637 
4 494 543 900 1085 1300 1412 1610 1663 1741 1837 
119 377 809 974 1027 1113 1203 1281 1347 1668 1827 
216 353 481 755 1115 1750 1858 
4 38 40 57 87 256 302 321 339 354 384 393 408 417 429 438 449 451 471 478 479 491 571 578 594 628 652 671 732 741 750 814 835 851 873 879 988 1031 1102 1132 1139 1156 1230 1234 1248 1252 1261 1271 1274 1291 1349 1357 1367 1383 1390 1426 1491 1523 1542 1585 1708 1711 1730 1750 1791 1841 1858 
266 759 1333 1866 
215 344 650 942 1148 1250 1288 1483 1496 1524 1596 1706 1762 1801 
94 801 925 959 1323 1846 
111 212 832 920 1221 1253 1351 1590 
248 747 
211 713 1558 
319 1059 1152 1306 1516 
279 380 430 487 524 873 924 997 1469 1523 1685 1856 
295 483 496 682 726 735 889 890 912 940 1018 1069 1173 1222 1247 1292 1472 1613 1734 1736 1808 
159 489 650 1088 1102 1383 1719 
9 817 901 1130 1197 1315 
178 696 1146 1284 1313 1363 1457 1718 
38 54 235 438 504 555 610 614 630 723 803 873 934 1100 1132 1364 1572 1667 1851 
287 
220 330 648 785 885 899 1006 1063 1128 1304 1495 1555 1724 
13 616 875 973 1533 1617 
4 668 720 757 790 796 882 1332 1560 1645 
485 832 991 1576 
89 572 909 969 1011 1618 1720 
452 512 769 815 894 1089 1673 1817 
623 939 1239 1714 
100 477 700 1168 
34 501 559 699 850 876 886 906 1010 1159 1467 1541 1674 1754 1755 1769 1775 
215 344 1574 1762 1801 
397 744 824 953 1365 1640 1865 
193 283 675 689 1004 1616 
4 350 408 520 931 957 1054 1088 1252 1383 1652 
246 523 666 718 764 856 878 1097 1487 1615 1811 1813 
245 676 683 719 794 1024 1041 1091 1186 1201 1672 1757 
93 466 869 938 955 1203 1262 1304 1327 1724 1732 1867 
4 619 684 982 1047 1133 1344 1370 
518 1101 1565 
412 763 781 817 837 901 975 1315 1495 1606 1744 1747 
46 1071 1315 1439 1605 1653 1854 
122 519 588 649 822 874 897 1035 1061 1178 1226 1361 1500 1563 1629 1689 1778 
311 
460 566 611 945 1149 1219 1427 
4 900 1082 1085 1300 1412 1569 1741 1837 
194 197 1514 
54 632 640 810 1268 1304 1548 
295 483 496 682 726 735 889 890 912 940 1018 1069 1222 1247 1292 1472 1581 1734 1808 
58 535 847 1067 1111 1165 1628 1681 1746 
246 666 718 764 878 1487 1600 1813 
283 675 689 1004 1598 
111 616 817 833 901 996 1214 1315 1588 1767 
1019 1591 1643 
66 641 702 707 778 806 823 862 1030 1167 1172 1257 1278 1305 1329 1380 1498 1526 1770 
635 799 924 1844 
1 343 573 821 1256 1536 1665 1695 1712 1829 1850 
427 552 1207 1468 1828 1830 
44 162 163 1154 1410 1656 
216 326 652 924 964 1387 1558 1765 
260 603 721 843 1190 1509 1690 
265 760 1026 1039 1040 1789 
22 827 1236 1512 1567 
58 535 1067 1111 1165 1614 1681 1700 1746 
122 519 588 649 822 897 1035 1061 1178 1226 1361 1500 1563 1607 1689 1778 
217 643 738 1345 
29 526 1009 1010 1136 1754 
24 116 129 652 789 1040 1221 1310 1448 1859 
134 534 1454 1654 1781 1782 
407 438 722 729 835 863 917 934 1132 1179 1234 1354 1364 1505 1858 
269 586 850 953 1010 1783 1862 
126 731 
367 1070 1568 
214 
165 444 548 948 1296 
17 34 106 501 533 613 678 688 782 799 885 929 1026 1306 1356 1597 
84 697 859 919 1375 1669 
11 834 1229 
89 1065 1073 1319 1493 1618 
119 317 593 763 831 849 987 1007 1203 1362 1423 1516 1525 1538 1552 1566 1827 
4 668 720 757 790 796 882 1332 1560 1589 
180 846 
276 590 902 947 1124 1481 1809 
59 645 1021 1199 1350 1523 1688 
17 269 318 463 501 521 559 687 692 783 818 841 850 855 886 898 953 960 1010 1012 1037 1068 1131 1134 1137 1169 1183 1208 1301 1312 1378 1391 1413 1417 1473 1474 1484 1660 1754 1755 1759 1769 1775 1776 
103 458 722 1132 1234 1271 1335 1652 
428 510 952 1101 
103 255 408 458 520 750 1599 1650 
46 73 1071 1439 1606 
134 534 1454 1633 1781 1782 
54 545 568 582 820 866 1052 1328 1355 1477 1835 
44 162 163 1154 1410 1623 
316 780 1094 1197 1298 
102 226 257 559 654 662 864 886 893 923 1009 1044 1137 1142 1159 1169 1208 1223 1280 1467 1507 1521 1522 1549 1754 1755 1761 1769 
155 213 585 711 1108 1384 
29 318 501 1012 1068 1131 1549 1649 
249 645 1026 1177 1243 1337 
93 550 805 1304 
4 494 900 1300 1412 1569 1741 1837 
411 1098 
343 573 639 821 1256 1536 1621 1695 1712 1829 1850 
180 744 780 787 799 846 1515 1758 
185 234 276 301 438 516 531 599 734 814 873 907 1585 1692 1748 1796 
225 640 972 974 1281 1347 1570 
84 697 859 919 1375 1641 
205 367 430 672 814 1428 
13 45 398 553 875 906 914 922 1253 1351 1533 1704 1822 
245 676 683 719 794 1041 1091 1186 1201 1511 1601 1757 
452 512 756 762 769 815 894 1089 1382 1592 1817 
286 526 678 685 744 824 868 876 888 1010 1044 1046 1467 1471 1521 1541 1549 1595 1754 1755 1769 
63 353 441 520 907 1289 1399 1429 1453 1559 1756 
49 1217 1220 1450 1510 
45 398 522 752 1015 1283 
370 1135 1822 
204 
397 698 795 1194 1228 1365 1414 1462 1797 
58 535 792 847 1067 1111 1165 1614 1628 1700 1746 
237 1090 1441 1749 
180 723 824 1179 1311 
168 1792 
279 997 1039 1040 1469 1580 
464 613 782 1484 
61 226 372 601 841 883 1799 
249 474 530 645 885 1337 1350 1648 1697 1825 
122 519 588 649 822 874 897 1035 1061 1178 1226 1361 1500 1563 1607 1629 1778 
260 603 721 843 1038 1190 1485 1509 1625 
388 793 1698 
9 531 691 814 1094 1197 1523 1667 1748 1796 
59 474 589 747 1199 1452 
325 880 
343 573 821 1536 1621 1665 1712 1829 1850 
27 1372 
247 249 645 885 1306 1350 1688 
388 793 924 1691 
320 663 733 971 1727 1834 
58 535 792 847 1067 1111 1165 1628 1681 
17 34 586 677 687 692 742 850 855 886 953 960 1010 1044 1068 1260 1378 1413 1754 1755 1769 1810 
99 129 327 331 351 506 953 1046 1184 1541 1562 1771 
355 1358 
13 39 906 922 943 973 993 1562 1671 1767 1795 
115 829 
215 344 942 1524 1574 
224 409 453 992 1075 1366 1430 1456 
406 438 652 732 766 771 803 873 907 1088 1096 1102 1216 1289 1307 1426 1470 1542 1559 1572 1730 1780 1806 
382 505 655 686 994 1415 1530 1812 
116 326 1126 1196 
384 575 1572 
1 343 821 1256 1621 1665 1695 1829 1850 
85 129 279 510 1039 1040 1469 1476 1523 
436 727 1593 
385 438 516 703 722 873 1263 1717 
450 558 695 705 913 1020 1042 1107 1232 1277 1527 
385 516 1263 1715 
178 1146 1284 1313 1363 1457 1584 
47 192 754 907 999 1088 1335 1470 1550 1582 
109 166 281 363 428 435 437 445 606 1029 1237 1591 
32 651 1054 1115 1147 1750 
53 502 1242 1299 1401 1449 
404 515 540 1087 1119 1138 1287 
93 480 805 938 972 1262 1304 1587 1602 1816 
113 282 1807 
74 219 1537 
320 663 733 971 1699 1834 
382 505 686 994 1415 1530 1812 
48 337 562 699 712 744 817 930 937 939 1532 1822 1826 
438 449 816 907 1274 1349 1367 1542 1572 1708 1780 
391 445 627 976 1182 1270 
438 465 466 652 869 938 955 972 1007 1189 1200 1203 1304 1419 1602 1798 
204 761 1017 1478 
295 483 496 631 889 890 912 940 1018 1069 1222 1247 1292 1472 1581 1613 1808 
325 556 824 1279 
295 631 889 912 1222 1581 
382 895 1202 1218 1303 1321 1751 
45 328 522 752 858 1015 1144 1405 
95 497 1844 
352 488 622 887 903 1267 1325 1339 1528 1786 
4 494 900 1300 1569 1610 1663 1837 
335 624 1434 
236 838 867 1032 1045 
306 412 623 763 785 817 901 930 939 970 975 1016 1103 1181 1239 1264 1605 
244 625 1320 
58 792 847 1067 1165 1614 1628 1681 
65 337 837 901 1605 
531 725 1520 1667 1692 1796 
237 763 1090 1441 1682 
40 57 71 127 191 214 216 256 290 321 338 407 429 438 449 451 478 520 547 571 578 594 651 652 660 772 816 835 851 873 884 935 988 1031 1062 1072 1132 1147 1158 1230 1234 1246 1261 1289 1293 1340 1354 1357 1390 1428 1491 1505 1545 1558 1571 1572 1721 1766 1820 1838 
382 895 1202 1218 1303 1321 1737 
307 528 990 1105 1341 1445 
150 527 564 1028 1308 1760 
17 29 286 463 473 501 559 586 634 685 687 699 768 824 850 876 886 898 906 928 953 1010 1012 1037 1109 1131 1159 1169 1205 1211 1244 1391 1413 1448 1467 1521 1539 1549 1595 1631 1649 1658 1674 1701 1755 1759 1769 1802 1822 1853 1862 
17 29 123 160 269 463 473 501 521 559 586 634 638 677 678 685 687 692 699 706 783 818 824 841 850 864 876 886 888 926 953 960 973 1000 1009 1010 1012 1014 1037 1044 1109 1117 1131 1134 1169 1183 1205 1208 1211 1244 1260 1301 1312 1378 1391 1413 1448 1459 1467 1473 1474 1508 1521 1522 1549 1595 1649 1658 1674 1701 1754 1759 1761 1769 1775 1776 1785 1802 1862 
216 1185 1246 1249 1367 1399 1428 1675 
245 676 683 794 1024 1041 1186 1201 1511 1601 1672 
233 489 597 656 782 986 1666 
29 501 850 886 953 1009 1010 1012 1037 1131 1208 1649 1754 1755 1769 
150 527 564 1028 1308 1753 
3 29 318 319 463 501 521 559 677 850 855 888 926 1010 1068 1109 1131 1134 1163 1169 1183 1204 1336 1337 1473 1474 1549 1658 1755 1769 1862 
215 344 942 1288 1483 1496 1574 1596 
367 773 799 1400 1523 
129 210 681 699 782 993 1227 1400 1469 1531 1534 1789 1849 
667 1624 
40 471 732 748 754 771 1274 1324 1354 1470 1491 1750 1806 1858 
45 281 627 763 817 901 920 973 1555 1617 1704 
92 644 1060 
17 29 34 269 463 473 501 521 559 586 654 677 678 687 692 783 786 841 850 855 864 876 886 888 923 953 1010 1012 1037 1044 1109 1131 1134 1137 1159 1169 1204 1208 1211 1260 1301 1378 1391 1413 1417 1467 1474 1507 1521 1534 1549 1595 1649 1658 1674 1701 1754 1755 1759 1761 1776 1785 1853 1862 
66 641 702 707 778 806 823 862 1030 1167 1172 1257 1278 1305 1329 1380 1498 1526 1619 
331 953 1184 1494 1702 
25 
249 507 784 892 1022 1446 
29 318 586 742 1009 1131 1378 1810 1862 
17 463 501 685 687 898 960 1010 1012 1037 1131 1134 1169 1183 1208 1391 1595 1649 1755 
17 34 269 501 559 677 687 818 841 850 876 953 1010 1012 1131 1260 1413 1649 1755 1769 1853 
33 850 986 1140 1310 1466 
122 519 588 649 822 874 897 1035 1061 1178 1226 1361 1500 1563 1607 1629 1689 
228 622 864 893 1092 1192 1280 1407 
438 482 671 748 931 988 999 1054 1088 1165 1708 1730 
134 534 1454 1633 1654 1782 
134 534 1454 1633 1654 1781 
315 678 1635 1793 
740 924 
17 501 677 692 1010 1474 1755 1769 
352 488 604 887 903 1267 1528 1740 
323 939 1016 1021 1492 1497 
273 1175 
74 308 597 650 799 924 1163 1273 1558 1626 1764 
141 143 1056 
256 367 438 468 482 578 652 750 986 1054 1088 1230 1234 1268 1545 1572 
168 219 1684 
315 678 960 1474 1783 
313 609 1155 1231 1254 1451 
224 386 868 906 1442 1554 1704 1862 
78 531 1520 1667 1692 1748 
397 698 795 1194 1228 1365 1414 1462 1680 
317 377 620 728 809 810 869 915 955 1203 1538 1732 
61 601 883 1195 1687 1833 
524 765 1393 
215 344 1574 1596 
351 506 782 993 1009 1245 1421 1754 1755 
72 304 817 825 
291 322 356 525 541 598 1104 1297 
412 740 742 850 1026 1250 1330 1335 1519 
195 382 383 384 407 438 614 835 873 917 957 1132 1234 1364 1390 1470 1491 1708 1766 1858 
113 282 1725 
295 483 496 682 726 735 889 890 912 940 1018 1069 1222 1247 1292 1472 1581 1613 1734 
276 590 902 1124 1481 1647 
34 501 586 677 685 953 1009 1378 1701 1774 
246 523 666 718 764 856 878 1097 1486 1487 1600 1813 
382 655 686 921 994 1415 1530 1709 1728 
246 523 666 718 764 856 878 1097 1486 1487 1600 1615 1811 
36 1356 1379 
20 54 669 746 954 963 1023 1095 1318 1388 1447 
220 330 480 899 1006 1063 1126 1262 1304 1480 1724 
756 815 1488 1592 1673 
108 500 565 714 743 
37 499 1055 1171 
321 547 1115 1383 1542 1750 
86 665 
337 425 699 937 1348 1421 1532 1671 1678 1729 1754 
161 317 791 809 869 1059 1516 1538 
137 138 139 376 861 998 1013 1121 1352 1402 
249 530 561 791 885 1026 1350 1688 
316 744 939 1555 1729 
119 593 791 807 831 987 1007 1120 1203 1281 1362 1419 1516 1525 1570 1644 
427 552 1207 1622 1830 
1 343 821 1536 1621 1665 1695 1712 1850 
427 552 1207 1622 1828 
346 371 1099 
39 511 1197 1306 1865 
121 226 513 537 657 883 916 936 956 1145 1195 1314 1377 1437 1799 
320 663 733 971 1699 1727 
54 545 568 820 866 1355 1477 1655 
174 347 1315 
4 494 900 1300 1412 1569 1610 1663 1741 
40 243 470 594 629 771 860 1248 1249 1324 1358 1428 1491 1750 
599 1296 1482 
337 560 853 939 1006 1103 1152 1239 1304 1395 
87 255 651 671 879 1250 1572 
295 475 646 
401 797 1174 1250 
95 497 1620 1739 
485 906 1050 1556 
94 801 925 959 1049 1323 1575 
379 775 951 1150 1241 1343 
1163 1311 
210 506 1163 1764 
1 343 573 639 821 1256 1536 1621 1665 1695 1712 1829 
240 555 1116 1166 1585 
416 570 575 580 605 932 933 1005 1084 1294 1398 
17 463 501 687 692 841 855 886 953 1010 1037 1131 1134 1159 1208 1413 1521 1754 1769 1776 
46 68 765 1071 1130 1360 1439 1606 
153 224 1366 1456 
38 279 524 1523 1580 
91 170 596 779 985 1114 
195 407 449 594 629 732 754 1132 1148 1246 1324 1335 1354 1364 1408 1571 1572 1634 1766 1806 
38 74 351 635 650 768 789 885 924 1197 1215 1227 1258 1494 1529 1535 1539 1558 1632 
404 515 540 701 1087 1119 1198 1287 
105 472 621 709 846 1118 1317 1322 
34 501 521 559 586 634 677 678 687 742 841 850 872 906 953 1009 1010 1012 1014 1037 1044 1068 1131 1134 1137 1159 1169 1205 1301 1378 1474 1521 1635 1754 1755 1761 1769 1774 1795 
438 652 750 911 1386 
418 637 658 710 828 949 1209 1397 1502 
824 1163 1228 1320 1466 1521 1597 1832 
266 759 1333 1573 
124 465 466 632 810 869 915 938 972 1200 1259 1304 1381 1404 1525 1602 
