20
28
45
2
63
31
48
43
10000
10000
99
10000
10000
53
91
49
0
56
82
51
96
65
10000
10000
10000
9
10000
10000
15
48
10000
10000
10000
1
10000
37
10000
32
43
54
0
10000
5
92
14
10000
56
10000
91
59
10000
10000
10000
10000
10000
10000
3
55
10000
66
45
10000
72
56
10000
50
11
10000
63
75
17
10000
10000
32
22
74
5
10000
10000
10000
28
12
10000
10000
80
10000
10000
10000
60
83
10000
10000
19
10000
10000
41
67
43
10000
10000
10000
27
57
9
10000
62
10000
66
14
6
41
10000
89
10000
48
10000
10000
10000
25
60
27
10000
73
78
10000
10000
22
2
62
10000
99
77
10000
63
6
10000
29
29
29
10000
65
10000
65
61
5
10000
10000
10000
10000
10000
10000
88
36
10000
47
12
10000
10000
31
10000
10000
92
92
47
77
10000
31
10000
48
10000
10000
10000
12
75
66
10000
53
49
10000
10000
10000
76
10000
10000
57
10000
27
24
35
28
98
57
10000
28
18
43
28
88
67
10000
10000
78
35
94
71
10000
96
3
9
10000
70
41
47
72
30
10
87
64
10000
40
80
80
10000
36
10000
45
45
10000
10000
19
62
28
10000
75
18
90
10000
89
89
10000
7
10000
33
10000
16
10000
24
24
74
0
76
95
10000
10000
2
3
27
10000
10000
38
10000
90
10000
18
35
10000
61
10000
15
4
22
10000
40
10000
87
10000
10000
71
39
23
42
89
10000
10000
24
82
86
10000
10000
3
23
48
5
10000
21
10000
10000
10000
53
83
10000
3
10000
10000
43
8
67
32
5
57
85
33
85
10000
10000
9
10000
15
0
64
17
23
35
12
10000
1
10000
61
14
19
83
10000
28
28
10000
10000
10000
10000
3
88
35
73
20
30
96
10000
75
86
86
11
9
10000
10000
10000
17
23
10000
83
8
31
59
35
42
10000
70
99
71
10000
10000
6
10000
45
6
10
10000
29
10000
91
10000
39
23
31
3
57
10000
73
10000
10000
10000
10000
10000
10000
10000
92
10000
10000
84
14
10000
10000
82
57
17
58
10000
10000
10000
11
36
10000
10000
4
10000
5
10000
34
10000
68
45
10000
10
10000
10000
10000
10000
63
93
14
3
39
86
10
10000
10000
35
10000
42
2
54
82
72
10000
77
77
10000
4
62
10000
10
10000
3
13
36
17
91
28
93
57
10000
10000
94
22
1
37
78
40
10000
10000
10000
54
7
10000
26
10000
10000
0
10000
10000
10000
19
10000
33
10000
10000
41
73
10
10000
3
10000
2
10000
88
52
75
10000
10000
33
10000
66
15
10000
26
10000
31
9
10000
99
76
53
24
13
44
10000
58
10000
10000
43
46
11
81
61
95
39
23
82
10000
67
98
74
10000
6
4
63
55
59
44
10000
48
58
23
86
2
10000
10000
10000
3
77
47
10000
10000
93
14
10000
10000
0
10000
79
81
59
14
10000
10000
10000
66
10000
10000
10000
10000
34
3
76
20
95
34
10000
10000
10
48
34
10000
10000
27
86
47
10000
8
10000
10000
10000
5
99
25
2
10000
10000
2
23
10000
10000
45
73
38
10000
34
10000
88
96
85
18
10000
42
37
18
10000
10000
10000
10000
10000
10000
10000
10000
5
10000
10000
98
10000
10000
17
18
21
78
43
1
32
10000
68
83
20
10000
97
27
87
10000
74
10000
10000
59
46
32
10000
17
10000
45
31
10000
44
68
10000
3
75
27
64
53
10000
10000
3
69
51
10000
10000
71
10000
10000
10000
16
10000
81
76
10000
10000
10000
16
10000
10000
31
15
6
10000
82
1
1
88
19
79
49
10000
84
6
10000
58
97
2
60
79
10000
50
90
10000
68
47
10000
70
66
10000
10000
10000
10000
16
69
38
57
18
89
10000
10000
8
10000
10000
10000
10000
2
64
9
21
10000
29
87
76
10000
10
1
66
10000
10000
51
10000
7
10000
33
10000
61
10000
56
10000
13
69
10000
10000
35
94
13
4
10000
10000
10000
10000
9
13
75
10000
10
10000
83
10000
12
11
50
10000
10000
4
10000
1
10000
5
62
10000
10000
10000
69
25
55
10000
16
84
69
22
18
10000
18
10000
10000
10
10000
19
97
25
60
10000
10000
59
96
10000
71
13
2
4
15
10000
10000
20
10000
50
82
10000
42
65
68
48
42
25
41
10000
99
10000
10000
10000
90
6
4
15
98
38
89
96
10000
55
66
10000
62
54
47
59
10000
10000
95
94
61
10000
54
29
50
10000
27
32
10000
90
73
10000
10000
10000
6
18
46
41
26
10000
10000
10000
10000
10000
69
44
54
74
26
10000
1
21
21
98
10000
27
13
10000
10000
46
0
19
52
10000
10000
10000
11
31
26
2
35
76
9
10000
21
79
6
10000
44
10000
8
10000
4
10000
14
45
0
10000
0
53
26
4
8
11
34
34
10000
33
44
10000
40
8
10000
23
30
43
10000
10000
10000
10000
77
68
88
10000
37
0
51
40
45
11
0
10000
10000
80
10000
51
70
95
17
10000
10000
76
59
64
40
10000
10000
42
10000
10000
10000
10000
10000
90
10000
10000
60
10000
10000
25
2
6
67
41
36
80
10000
10000
14
39
29
33
10000
36
17
32
10000
34
59
25
93
15
0
76
1
29
10000
61
4
94
21
53
79
8
10000
51
16
10000
0
12
10000
42
97
33
90
10000
37
46
5
1
38
39
39
16
79
10000
81
90
82
10000
10000
10000
26
96
10000
66
11
10000
65
10000
10000
12
10000
10000
10000
19
10000
60
10000
55
15
10000
71
10000
3
60
8
36
17
43
10000
70
10000
77
52
10000
34
52
13
58
33
13
10000
16
10000
10000
1
51
10000
95
10000
10000
10000
10000
7
4
23
67
10000
79
47
1
10000
55
10000
12
10000
10000
10000
10000
10000
58
25
29
10000
35
10000
10000
8
7
59
10000
35
1
18
10000
1
14
80
1
58
3
10000
10000
27
41
7
44
49
11
2
10000
10000
10000
10000
12
92
85
56
77
10
81
10000
64
0
10000
80
11
10000
97
10000
1
10000
10000
50
10000
22
40
10000
24
10000
10000
10000
4
10000
15
10000
72
16
14
87
40
38
10000
10000
10000
84
44
96
9
58
10000
78
16
10000
25
83
26
87
93
1
68
88
26
10000
92
10000
80
11
91
10000
10000
91
10000
21
27
86
37
10000
22
84
99
7
85
10000
10000
10000
10000
65
42
10000
5
98
10000
10000
24
1
9
10
21
17
72
22
28
11
41
85
10000
20
50
32
78
62
3
19
10000
4
56
48
10000
33
10000
10000
57
7
10000
7
87
38
79
97
2
10000
10000
94
61
49
10000
10000
58
30
10000
10000
22
21
10000
34
10000
77
23
2
10000
52
83
64
10000
40
50
24
56
10000
10000
10000
81
0
49
27
8
98
10000
51
60
10000
10000
10000
10000
54
10000
10000
40
10000
97
62
99
69
10000
62
56
83
24
75
10000
17
67
49
10000
10000
87
10000
10000
14
10000
74
41
29
24
7
10000
10000
10
17
10000
10000
46
25
49
10000
84
36
10000
37
62
10000
67
10000
8
61
10000
10000
44
10000
37
50
78
13
3
47
14
10000
70
51
10
54
10000
96
38
80
5
10000
68
34
72
37
10000
29
47
19
61
10000
10000
2
10000
92
10000
52
26
84
31
2
83
23
10000
10000
9
6
12
18
13
2
10000
71
72
36
53
10000
59
10000
10000
86
44
48
10000
10000
10000
73
5
98
67
10000
51
6
10000
91
85
10000
10000
63
12
36
49
8
15
10000
89
84
98
10000
10000
0
81
93
39
56
82
10000
10000
0
10000
32
10000
94
10000
10000
10000
10000
30
10000
38
95
10000
13
53
10000
7
4
60
6
8
30
35
97
5
46
10000
68
32
10000
18
10000
45
15
38
91
16
65
10000
28
9
12
88
10000
80
10000
0
1
1
30
25
97
79
10000
42
31
5
10000
10000
62
6
20
22
10000
10000
10000
81
7
60
75
10
42
10000
78
0
56
12
10000
1
73
8
9
54
70
7
69
32
4
46
10000
10000
12
65
71
52
12
10000
2
10000
30
10000
41
24
70
10000
39
21
2
4
49
18
86
19
10000
69
41
76
13
5
10000
26
30
0
10000
11
95
16
19
10000
10000
4
10000
46
85
10000
52
28
78
21
55
95
10000
10000
53
50
10000
20
93
92
70
38
14
65
55
10000
87
0
10000
63
10000
81
10000
71
72
77
0
10000
99
60
25
69
10000
10000
74
15
57
53
11
10000
63
10000
92
6
27
47
10000
24
19
52
10000
20
10000
1
10000
10000
71
43
16
13
82
72
91
43
10000
94
84
55
10000
0
10000
39
37
45
74
46
38
10000
6
10000
10000
20
10000
74
10000
64
55
10000
10000
17
73
48
30
36
2
10000
8
57
20
39
10000
10000
79
10000
49
56
42
33
10000
58
19
89
22
64
10000
10000
2
10000
40
94
10000
0
10000
10000
61
10000
10000
52
10000
90
5
10000
55
10000
10000
10000
7
10000
67
10000
81
15
72
16
10000
0
10000
1
30
10000
26
70
54
43
10000
1
50
10000
10000
10000
0
10000
10000
10000
46
10000
33
63
63
10000
10000
10000
10000
37
40
32
65
7
10000
10000
85
73
10000
84
10000
44
10000
30
9
10000
23
22
7
89
21
10000
10000
10000
31
10000
37
51
10000
13
66
10000
3
10000
14
10000
29
74
8
25
93
20
93
10000
0
44
64
10000
75
52
54
1
5
10000
10000
22
10000
6
10000
10000
10000
10000
20
10000
34
15
10000
36
39
10000
7
9
58
10000
26
10000
68
24
10000
78
