40
32
5
31
49
28
46
1
13
15
26
35
6
35
48
41
2
29
1
37
14
11
12
23
47
23
13
20
0
46
19
28
12
2
15
23
45
23
21
29
23
5
21
45
23
7
26
22
47
43
42
23
27
38
19
20
28
27
24
49
5
7
28
26
21
41
30
7
49
21
28
13
7
12
12
24
23
13
13
43
32
17
10
48
18
23
30
10
11
0
49
11
15
48
12
6
49
1
23
18
42
5
26
20
25
23
48
49
20
23
6
22
47
8
49
23
10
19
17
11
5
39
2
16
10
29
28
30
23
29
26
43
28
47
23
45
46
46
46
4
48
4
48
6
23
23
23
46
42
49
41
47
10
28
34
13
5
43
23
2
17
45
45
34
43
20
28
12
42
49
28
23
17
21
41
22
35
41
46
30
45
8
37
22
26
30
5
20
21
32
44
26
9
32
35
1
32
45
49
30
23
16
21
39
28
23
14
23
23
23
12
6
34
28
40
28
47
48
12
15
18
18
45
10
17
5
5
5
28
15
8
32
30
21
35
46
21
47
47
36
29
28
28
3
42
42
24
24
24
17
8
49
23
41
28
28
5
22
4
43
7
47
28
35
13
12
6
12
0
21
12
19
23
26
40
22
43
28
13
14
20
47
9
7
24
1
39
12
24
28
14
46
21
28
38
30
7
38
35
13
35
30
19
13
23
21
45
12
21
26
48
28
39
42
2
23
17
0
23
9
28
14
21
17
23
20
23
6
20
15
23
48
32
32
37
23
22
29
30
40
19
12
40
40
14
10
21
48
48
30
23
4
28
30
28
14
0
2
21
28
23
19
20
23
12
26
28
5
25
23
10
5
23
29
28
46
17
47
31
13
14
32
30
30
35
21
23
22
23
22
16
36
30
45
12
47
3
6
21
30
13
26
28
33
26
29
35
30
10
23
7
21
48
21
26
33
30
46
5
8
29
19
48
22
22
49
44
20
30
13
49
29
28
35
19
23
20
30
29
13
28
48
43
43
16
21
23
37
29
9
30
8
10
35
48
32
48
26
6
45
40
30
2
23
16
17
40
28
21
29
29
25
1
24
38
1
18
30
30
15
28
30
38
43
6
23
35
4
30
17
30
7
45
33
26
38
12
30
45
49
2
27
1
30
32
23
24
26
8
19
19
8
5
13
33
35
40
23
39
30
2
6
42
13
14
1
49
45
44
24
13
21
21
47
27
43
5
19
46
33
14
39
33
7
38
13
28
43
34
15
19
44
20
45
36
23
28
9
1
21
23
22
28
49
49
45
31
38
5
33
28
8
40
49
33
23
6
29
48
33
28
38
5
49
34
2
21
39
24
22
21
26
17
29
7
49
30
14
43
28
5
21
43
4
33
43
45
14
39
35
45
20
23
35
23
6
36
22
31
17
25
5
21
37
3
44
16
30
29
35
38
16
1
2
12
23
46
0
40
17
41
5
47
11
24
38
9
21
39
30
30
28
8
5
32
30
5
46
15
23
26
5
9
23
23
42
30
31
37
43
30
28
23
12
9
42
2
1
8
12
12
38
42
31
2
32
2
23
9
23
28
2
45
15
9
41
48
3
23
18
33
41
35
11
9
0
41
46
25
46
34
22
12
49
41
31
19
42
42
31
43
29
35
47
13
38
23
17
35
46
29
29
9
35
38
23
46
47
8
23
30
2
49
21
22
37
24
29
5
30
19
6
3
29
28
8
31
42
12
19
39
8
21
42
13
29
31
23
8
8
29
28
23
2
31
17
28
41
49
30
21
23
2
24
21
1
22
12
23
31
17
27
22
42
3
31
12
35
23
35
48
22
35
40
15
41
17
11
17
17
23
14
6
28
8
30
21
2
12
38
40
39
41
1
13
19
11
46
49
20
17
6
6
26
35
28
21
46
13
21
0
44
43
47
14
30
27
41
21
2
29
34
21
19
0
42
39
6
48
29
46
41
35
1
23
38
46
1
17
43
40
1
35
39
6
1
10
42
30
23
21
31
5
29
23
1
4
0
38
38
44
24
5
8
32
17
39
2
15
33
21
22
4
30
28
1
29
19
8
23
23
38
9
23
17
5
35
21
48
21
32
21
5
12
48
0
35
1
21
21
30
33
33
35
30
5
22
17
21
38
14
40
21
9
45
29
22
43
46
45
31
19
1
37
17
5
30
0
48
2
18
2
37
12
49
26
12
31
8
21
9
17
6
17
20
16
20
23
10
8
47
31
18
11
49
28
17
29
23
45
6
10
18
32
40
1
13
46
30
2
10
28
28
9
33
15
17
44
2
2
8
2
46
0
6
21
39
38
19
9
21
24
37
42
19
24
17
49
20
41
30
46
47
12
39
21
2
43
13
13
42
9
20
1
46
1
31
23
48
1
14
38
49
30
45
48
36
31
17
11
39
28
15
23
11
43
27
0
38
28
7
30
11
21
10
35
23
21
12
5
43
33
40
33
33
8
33
30
8
21
42
5
13
23
37
30
42
7
10
36
19
29
21
14
45
46
9
34
0
28
27
28
17
49
29
36
0
25
33
17
46
13
19
22
31
21
30
23
42
21
2
35
31
2
20
18
0
33
28
12
10
5
6
30
5
41
30
28
45
31
36
23
17
45
39
29
43
28
1
10
48
1
0
18
27
36
41
18
0
5
45
41
38
20
23
36
24
39
35
12
22
16
0
23
28
42
13
40
17
43
5
5
41
3
5
14
23
33
24
16
42
32
17
0
2
40
44
2
46
47
1
30
45
6
18
30
47
32
45
47
23
38
5
39
19
39
12
3
26
28
39
9
22
35
10
11
20
5
21
44
31
27
24
2
23
28
38
29
28
30
32
30
6
39
4
40
41
23
16
2
30
15
35
21
29
49
4
28
30
16
26
29
37
29
40
43
9
41
30
5
17
39
6
41
11
48
33
40
28
23
30
38
19
33
9
43
14
30
27
33
2
48
32
15
41
23
29
49
31
12
22
2
41
5
21
44
25
37
11
3
32
25
48
29
4
7
15
38
41
23
26
31
12
1
26
0
24
26
4
28
45
41
31
31
47
4
17
20
30
24
6
46
12
29
38
23
29
28
19
7
39
17
41
35
3
10
30
21
23
31
49
13
21
6
48
19
5
2
23
41
16
8
30
34
20
28
12
37
28
29
2
14
43
18
21
43
46
33
28
23
27
46
34
15
6
28
5
29
26
45
20
33
1
3
32
28
2
14
17
5
20
23
17
35
8
29
45
28
28
10
35
28
23
37
9
39
5
42
7
9
21
21
21
44
45
24
37
23
27
47
39
24
26
47
17
10
41
21
2
18
47
3
44
42
23
23
1
44
13
29
1
38
0
2
37
21
38
39
28
15
22
43
40
0
43
42
42
8
35
19
29
21
11
23
21
40
21
41
21
39
23
46
28
48
35
9
2
2
43
47
42
11
7
32
30
17
45
36
18
13
1
0
13
40
17
41
9
4
20
32
21
22
6
1
23
40
12
17
23
17
1
30
11
21
29
20
30
16
1
26
17
21
0
21
21
23
30
12
29
31
12
21
39
19
19
17
11
28
33
17
28
30
12
40
48
6
24
12
23
13
38
30
21
41
35
39
15
6
31
6
8
8
21
18
1
40
1
9
30
42
42
15
31
19
21
7
39
48
45
33
32
16
38
27
42
9
6
19
41
12
40
44
45
12
43
13
11
27
39
47
1
23
47
35
2
29
28
28
43
23
48
26
11
17
31
22
22
24
2
26
19
30
7
47
38
45
23
1
34
0
24
15
33
7
40
30
35
17
48
28
6
42
8
1
28
47
6
23
39
3
27
21
22
12
13
23
5
24
39
43
22
13
24
23
40
13
24
22
9
27
2
23
28
21
49
40
10
29
32
23
26
40
13
23
35
9
35
41
26
20
30
27
33
15
47
12
9
32
22
30
16
17
39
38
23
38
32
6
12
4
33
37
46
21
3
27
21
13
21
28
32
45
49
1
2
28
42
30
2
49
0
40
28
23
12
29
21
11
2
41
23
47
24
2
2
2
12
39
5
30
47
47
2
12
2
4
21
23
12
48
28
12
2
39
21
13
3
17
5
13
40
23
13
14
23
35
47
38
22
2
42
32
42
23
37
15
8
49
45
30
23
22
17
46
24
21
17
44
40
44
10
23
5
9
38
21
33
29
43
21
30
38
26
12
23
48
31
22
0
40
36
33
2
7
10
13
49
29
23
33
25
2
28
46
1
12
16
