13
10000
48
5
10000
60
33
88
10000
10000
10000
96
10000
93
10000
35
46
41
64
10000
10000
10
80
80
10000
10000
98
98
51
33
10000
10000
80
50
10000
76
10000
16
88
62
46
78
8
10000
70
10000
41
10000
10000
69
21
42
34
61
10000
10000
57
40
10000
10000
48
10000
10000
41
92
10000
10000
10000
10000
87
3
10000
10000
16
23
10000
8
10000
10000
26
10000
72
27
10000
45
82
71
27
10000
77
10000
7
44
10000
39
10000
10000
88
19
10000
10000
65
10000
10000
10000
9
21
10000
70
74
10000
94
10000
10000
33
10000
10000
6
66
10000
65
52
10000
10000
27
10000
23
5
9
10000
10000
10000
24
10000
74
10000
10000
10000
10000
0
10
0
10
97
8
10000
10000
10000
10000
10000
21
10000
10000
10000
10000
72
28
4
60
20
10000
10000
10000
10000
10000
27
60
10000
33
10000
24
90
72
87
10000
94
93
35
10000
89
10000
10000
10000
10000
10000
10000
65
73
81
10000
10000
10000
10000
10000
63
88
10000
10000
10000
24
24
10000
81
10000
84
10000
10000
57
10000
10000
86
10000
10000
10000
10000
56
10000
10000
10000
32
45
45
10000
10000
10000
48
48
78
24
44
9
10000
10000
87
63
10000
10000
10000
10000
37
10000
91
68
10000
10000
58
73
73
10000
46
10000
12
80
21
5
57
65
99
0
10000
10000
10000
10000
63
81
10000
97
10000
51
10000
23
10000
32
4
10000
79
10000
84
83
10000
18
10000
10000
10000
73
64
10000
10000
10000
57
10000
33
8
10000
10000
91
15
10000
93
77
4
57
6
10000
88
54
10000
16
8
10000
49
68
49
10000
47
10000
10000
51
46
10000
3
10000
81
72
10000
50
19
97
70
44
77
10000
10000
10000
10000
10000
10000
91
57
10000
81
10000
13
10000
10000
10000
87
10000
10000
10000
10000
10000
91
71
3
10000
85
77
54
60
69
81
18
10000
86
10000
84
28
10000
74
10000
48
74
56
91
10000
43
10000
31
83
10000
60
57
10000
96
10000
10000
94
10000
7
25
2
10000
10000
10000
10000
10000
70
90
89
64
10000
3
10000
4
10000
10000
10000
10000
95
15
10000
10000
8
4
10000
10000
10000
48
10000
56
10000
36
79
10000
10000
10000
70
57
83
10000
56
10000
4
81
82
18
5
62
64
10000
10000
10000
10000
25
10000
9
10000
56
10000
57
11
10000
3
10000
10000
10000
10000
10000
10000
10000
23
50
76
10000
32
36
10000
99
62
10000
10000
53
10000
10000
46
10000
10000
10000
44
91
68
10000
10000
10000
10000
56
10000
57
10000
5
10000
10000
10000
87
10000
39
68
10000
10000
51
34
53
24
60
10000
17
10000
10000
93
73
11
75
10000
10000
96
36
88
29
10000
55
97
12
83
10000
64
10000
10000
10000
10000
10000
74
10000
10000
40
69
75
6
33
10000
10000
10000
5
10000
61
10000
57
10000
10000
10000
10000
10000
70
10000
37
46
10000
10000
55
69
70
92
10000
10000
10000
10000
59
30
0
10000
57
10000
13
12
10000
10000
10000
56
33
10000
10000
61
65
10000
10000
20
54
52
10000
79
8
10000
66
5
15
10000
5
10000
26
10000
48
10000
10000
10000
10000
26
10000
10000
49
63
10000
18
76
63
82
10000
2
10000
22
43
10000
0
8
10000
10000
10000
25
10000
3
63
10000
10000
88
50
16
10000
10000
77
13
90
10000
65
10000
7
10000
10000
10000
69
29
16
71
3
10000
48
60
10000
75
10000
10000
57
87
65
10000
93
82
58
57
14
10000
10000
71
84
10000
10000
10000
10000
20
55
10000
10000
67
10000
10000
22
20
60
51
74
10000
64
50
50
10000
44
10000
35
10000
10000
74
10000
10000
10000
5
10000
10000
85
10000
10000
10000
10000
10000
10000
86
10000
21
31
10000
58
10000
14
10000
10000
63
10000
10000
10000
54
43
10000
10000
10000
5
10000
10000
10000
42
10000
10000
10000
10000
56
50
10000
42
89
10000
10000
10000
78
68
10000
97
10000
41
91
11
14
21
10000
81
10000
11
10000
58
10000
10000
31
10000
11
87
10000
56
95
77
59
72
10000
10000
10000
89
10000
42
50
17
8
9
10000
10000
80
14
66
40
94
10000
10000
14
23
63
10000
63
10000
10000
56
36
44
10000
66
10000
43
43
69
10000
10000
84
11
5
10000
51
10000
30
13
52
10000
64
10000
18
10
10000
33
18
66
10000
10000
10000
10000
10000
92
10000
74
10000
51
10000
10000
10000
10000
89
40
10000
90
9
62
10000
69
6
67
12
10000
97
10000
62
10000
10000
10000
65
16
61
10000
10000
10000
10000
36
74
63
29
10000
53
27
58
10000
10000
99
14
75
62
10000
53
10000
50
10000
10000
10000
17
65
11
1
43
29
46
44
10000
92
79
10000
10000
60
53
5
81
10000
10000
10000
10000
10000
74
43
75
10000
54
10000
10000
38
70
48
46
10000
46
93
53
10000
54
10000
10000
10000
10000
68
75
10000
32
54
10000
10000
10000
88
10000
10000
10000
79
10000
10000
10000
31
76
46
10000
32
48
10000
46
10000
67
45
85
10000
86
12
3
10000
59
10000
69
10000
32
10000
10000
18
25
98
10000
27
10000
10000
22
10000
10000
10000
10000
66
5
74
10000
10000
10000
45
38
36
70
83
10000
68
20
10000
3
16
10000
10000
69
66
10000
51
46
10000
50
10000
85
97
10000
10000
10000
93
10000
54
17
10000
10000
10000
46
72
10000
18
10000
68
10000
10000
76
29
8
50
10000
83
83
10000
10000
42
55
10000
64
22
10000
10000
53
10000
30
10000
10000
10000
10
37
59
72
7
52
10000
44
82
10000
10000
40
51
10000
84
10000
57
10000
54
10000
3
88
99
86
28
10000
10000
36
10000
10000
11
10000
68
11
10000
10000
0
10000
50
10000
10000
12
15
10000
37
10000
10000
10000
10000
10000
10000
10000
10000
50
10000
40
10000
72
10000
91
37
85
10000
10000
66
10000
10000
81
79
59
54
10000
69
10000
81
50
63
22
50
70
45
50
10000
57
10000
10000
65
10000
10000
75
35
10000
5
10000
59
2
10000
72
10000
49
41
10000
56
55
27
10000
46
10000
45
10000
37
10000
10000
50
28
10000
10000
10000
23
32
2
73
52
10000
95
10000
25
51
19
10000
10000
70
10000
32
10000
28
78
21
10000
75
10000
10000
10000
10000
10000
10000
1
66
77
53
10000
10000
50
10000
10000
53
89
10000
10000
45
10000
10000
1
10000
10000
80
10000
65
10000
76
52
23
10000
10000
10000
49
10000
99
10000
27
10
18
78
8
10000
31
34
73
50
10000
56
10000
3
10000
23
10000
10000
10000
49
0
13
10000
16
10000
9
57
44
96
10000
41
33
10000
68
24
25
10000
10000
10000
10000
10000
10000
10000
10000
5
78
10000
10000
97
35
7
21
10000
10000
10000
42
23
10000
6
10000
10000
10000
10000
5
34
10000
77
10000
1
32
10000
73
41
10000
31
80
55
46
35
65
54
10000
10000
10000
10000
10000
1
10000
10000
62
78
10000
32
61
10000
9
10000
14
10000
9
41
77
73
87
0
3
10000
35
31
22
10000
0
10000
70
71
10000
10000
10000
73
10000
30
42
56
3
6
10000
29
66
35
10000
10000
10000
71
76
9
22
10000
98
54
97
10000
10000
75
20
76
10000
10000
11
57
10000
70
10000
86
10000
56
62
67
10000
10000
45
8
26
10000
10000
10000
76
34
10000
10000
44
97
10000
78
5
4
10000
27
10000
53
10000
60
5
77
10000
10000
28
10000
74
72
63
11
5
10000
84
10000
10000
93
10000
69
10000
10000
10000
75
33
10000
10000
10000
10000
8
10000
10000
17
10000
74
34
10000
49
10000
4
10000
72
10000
35
54
51
10000
10000
10000
10000
10000
95
46
55
10000
83
41
64
10000
85
46
10000
16
30
10000
10000
10000
42
10000
10000
85
10000
12
58
11
93
10000
10000
10000
10000
74
54
10000
81
10000
8
29
10000
10000
16
36
63
10000
48
51
10000
10000
10000
10
10000
10000
10000
72
10000
2
45
10000
46
50
50
10000
66
10000
10000
10000
18
60
8
10000
10000
9
74
13
23
43
10000
10000
55
10000
10000
87
56
18
24
10000
46
41
72
90
50
10000
54
10000
62
86
10000
14
16
10000
29
10000
10000
72
10
84
10000
72
91
5
10000
10000
10000
10000
73
86
10000
83
10000
5
10000
35
63
10000
44
10000
14
10000
10000
11
8
10000
53
10000
46
10000
10000
12
10000
44
22
10000
10000
10000
29
49
10000
10000
10000
10000
10000
40
12
10000
10000
93
10000
10000
13
10000
10000
86
10000
70
10
40
52
10000
46
80
10000
10000
55
10000
84
10000
10000
46
10000
10000
10000
66
14
89
79
10000
51
10000
93
10000
10000
10000
30
10000
74
65
10000
85
73
44
10000
15
13
89
50
10000
10000
84
88
10000
11
64
10000
10000
88
10000
10000
10000
40
10000
46
10000
83
76
48
10000
29
10000
94
74
10000
10000
13
98
10000
94
10000
40
20
19
3
10000
33
10000
10000
5
38
54
10000
13
83
82
96
10000
96
35
41
18
68
34
10000
44
10000
23
10000
38
10000
5
25
32
10000
10000
46
10000
1
97
39
10000
10000
10000
10000
8
10000
40
92
10000
10000
10000
1
10000
10000
55
51
10000
10000
10000
46
10000
50
10000
95
53
86
62
88
7
50
10000
19
10000
17
46
67
67
80
29
78
68
10000
10000
47
10000
20
10000
76
32
16
10
10000
10000
47
49
10000
10000
10000
43
75
10000
10000
10000
10000
10000
23
10000
10000
10000
79
20
58
60
58
76
10000
10000
11
10000
10000
57
82
70
10000
10000
10000
54
66
10000
13
10000
10000
46
75
10000
61
87
10000
62
50
8
71
10000
23
39
74
10000
59
10000
10000
13
37
10000
51
10000
10000
83
10000
10000
10000
10000
10000
53
10000
10000
73
10000
10000
